 4.643e+02 1.558e+02 2.734e+02 2.143e+02 1.558e+02 1.156e+02 7.544e+01 5.978e+01 3.236e+01 3.042e+01 4.112e+00 2.310e+00 7.451e+00 1.014e+01
 5.242e+02 9.033e+01 2.357e+02 3.015e+02 1.546e+02 1.161e+02 8.276e+01 6.619e+01 4.318e+01 3.961e+01 4.103e+00 3.178e+00 9.975e+00 2.130e+01
 3.530e+02 1.227e+02 2.759e+02 1.819e+02 1.356e+02 1.047e+02 7.794e+01 5.636e+01 4.676e+01 2.649e+01 2.177e+00 2.156e+00 6.060e+00 6.189e+00
 5.624e+02 1.452e+02 3.403e+02 2.237e+02 1.439e+02 1.329e+02 7.277e+01 5.739e+01 5.050e+01 3.545e+01 4.232e+00 2.412e+00 8.957e+00 1.625e+01
 5.403e+02 9.062e+01 2.717e+02 2.164e+02 1.444e+02 1.175e+02 7.294e+01 5.422e+01 3.692e+01 3.222e+01 2.990e+00 1.899e+00 5.459e+00 6.366e+00
 4.692e+02 1.065e+02 2.595e+02 2.079e+02 1.303e+02 1.028e+02 8.004e+01 5.604e+01 4.024e+01 3.401e+01 3.149e+00 2.435e+00 5.769e+00 7.183e+00
 3.239e+02 1.228e+02 2.526e+02 2.457e+02 1.787e+02 1.124e+02 8.688e+01 7.048e+01 6.837e+01 3.762e+01 4.924e+00 4.059e+00 1.089e+01 1.844e+01
 2.526e+02 1.396e+02 2.680e+02 2.168e+02 1.801e+02 1.216e+02 8.847e+01 8.042e+01 3.954e+01 4.662e+01 6.018e+00 2.343e+00 7.086e+00 8.965e+00
 4.093e+02 1.360e+02 2.114e+02 2.255e+02 1.458e+02 1.243e+02 6.883e+01 4.969e+01 3.974e+01 3.681e+01 4.136e+00 2.908e+00 1.025e+01 1.655e+01
 4.733e+02 1.563e+02 2.963e+02 2.557e+02 1.320e+02 1.238e+02 8.248e+01 7.158e+01 4.823e+01 4.882e+01 5.051e+00 2.187e+00 1.060e+01 1.716e+01
 6.654e+02 1.239e+02 3.099e+02 2.096e+02 1.899e+02 1.353e+02 8.385e+01 7.227e+01 5.392e+01 4.706e+01 5.167e+00 2.726e+00 9.890e+00 1.225e+01
 4.794e+02 1.376e+02 3.066e+02 2.172e+02 2.196e+02 1.015e+02 9.977e+01 7.685e+01 5.590e+01 4.303e+01 4.350e+00 2.736e+00 9.129e+00 1.259e+01
 4.370e+02 1.273e+02 3.146e+02 2.306e+02 1.726e+02 1.146e+02 7.393e+01 5.907e+01 4.703e+01 3.802e+01 4.322e+00 1.733e+00 7.754e+00 1.209e+01
 4.057e+02 1.702e+02 2.387e+02 1.720e+02 1.412e+02 1.094e+02 6.744e+01 5.263e+01 4.022e+01 2.851e+01 3.114e+00 1.523e+00 4.333e+00 3.925e+00
 5.353e+02 1.123e+02 2.384e+02 1.762e+02 1.528e+02 1.418e+02 8.446e+01 6.339e+01 4.565e+01 4.980e+01 5.405e+00 1.993e+00 6.588e+00 1.068e+01
 4.487e+02 8.220e+01 2.547e+02 1.916e+02 1.366e+02 1.059e+02 1.051e+02 5.207e+01 4.472e+01 4.611e+01 4.677e+00 2.158e+00 8.304e+00 1.280e+01
 6.461e+02 1.994e+02 3.313e+02 1.831e+02 1.678e+02 1.179e+02 8.727e+01 6.407e+01 3.967e+01 4.100e+01 5.451e+00 3.168e+00 9.694e+00 1.767e+01
 3.857e+02 1.330e+02 2.711e+02 2.079e+02 1.480e+02 1.039e+02 8.223e+01 6.243e+01 4.747e+01 3.616e+01 4.126e+00 2.997e+00 7.776e+00 1.138e+01
 3.230e+02 1.120e+02 2.823e+02 2.372e+02 1.613e+02 1.260e+02 1.093e+02 6.240e+01 5.133e+01 5.184e+01 4.203e+00 2.107e+00 7.149e+00 1.001e+01
 5.202e+02 1.304e+02 2.535e+02 1.996e+02 1.480e+02 1.010e+02 7.317e+01 8.411e+01 4.792e+01 4.799e+01 5.619e+00 3.330e+00 1.013e+01 1.784e+01
 2.495e+02 1.112e+02 2.340e+02 1.821e+02 1.543e+02 9.982e+01 7.443e+01 5.690e+01 4.755e+01 3.764e+01 5.308e+00 2.574e+00 8.447e+00 1.215e+01
 4.458e+02 1.303e+02 2.494e+02 2.650e+02 1.506e+02 1.096e+02 1.027e+02 5.307e+01 4.472e+01 3.794e+01 4.724e+00 2.691e+00 8.572e+00 8.655e+00
 4.920e+02 1.464e+02 3.197e+02 2.718e+02 1.667e+02 1.343e+02 9.556e+01 7.385e+01 5.550e+01 4.649e+01 3.922e+00 3.664e+00 1.194e+01 2.382e+01
 4.428e+02 1.202e+02 2.796e+02 2.197e+02 1.314e+02 1.103e+02 9.557e+01 6.590e+01 4.801e+01 3.950e+01 4.413e+00 2.880e+00 9.774e+00 1.544e+01
 3.702e+02 1.257e+02 2.448e+02 2.296e+02 1.614e+02 1.138e+02 8.211e+01 6.174e+01 3.588e+01 3.813e+01 4.461e+00 2.362e+00 7.567e+00 9.432e+00
 5.283e+02 9.425e+01 2.580e+02 2.197e+02 1.591e+02 1.257e+02 7.319e+01 6.770e+01 3.398e+01 4.869e+01 4.797e+00 2.364e+00 8.652e+00 1.276e+01
 3.167e+02 9.548e+01 2.065e+02 1.767e+02 1.271e+02 1.081e+02 7.559e+01 5.454e+01 4.247e+01 2.962e+01 3.062e+00 2.616e+00 7.688e+00 1.503e+01
 5.257e+02 1.041e+02 3.024e+02 2.093e+02 1.249e+02 1.145e+02 8.512e+01 6.664e+01 5.051e+01 4.788e+01 5.647e+00 2.788e+00 9.692e+00 1.426e+01
 4.118e+02 1.173e+02 2.629e+02 1.887e+02 1.460e+02 9.383e+01 7.752e+01 5.509e+01 4.089e+01 4.147e+01 3.441e+00 2.741e+00 7.371e+00 1.460e+01
 4.613e+02 1.680e+02 3.027e+02 2.427e+02 1.732e+02 1.090e+02 9.281e+01 5.531e+01 5.542e+01 4.556e+01 3.929e+00 2.238e+00 9.678e+00 1.084e+01
 4.856e+02 1.175e+02 2.322e+02 2.310e+02 1.404e+02 1.145e+02 7.560e+01 5.535e+01 4.744e+01 4.003e+01 3.763e+00 2.778e+00 9.313e+00 1.107e+01
 4.571e+02 1.148e+02 2.437e+02 1.703e+02 1.569e+02 1.228e+02 8.423e+01 6.413e+01 4.273e+01 3.496e+01 2.723e+00 2.808e+00 6.987e+00 9.278e+00
 5.691e+02 9.727e+01 3.229e+02 2.306e+02 1.520e+02 9.771e+01 7.111e+01 5.661e+01 3.094e+01 3.322e+01 3.519e+00 1.873e+00 5.610e+00 9.586e+00
 4.723e+02 1.501e+02 2.906e+02 2.039e+02 1.460e+02 9.691e+01 8.975e+01 5.883e+01 4.078e+01 4.506e+01 4.839e+00 3.062e+00 6.567e+00 7.585e+00
 4.961e+02 1.425e+02 2.731e+02 2.108e+02 1.435e+02 1.274e+02 7.540e+01 5.669e+01 5.312e+01 3.603e+01 4.629e+00 3.374e+00 8.070e+00 1.130e+01
 3.842e+02 9.290e+01 3.277e+02 2.133e+02 1.619e+02 1.290e+02 8.172e+01 6.788e+01 4.603e+01 5.110e+01 4.507e+00 2.422e+00 1.142e+01 2.151e+01
 3.118e+02 1.373e+02 2.006e+02 2.143e+02 1.462e+02 9.168e+01 8.401e+01 5.470e+01 3.814e+01 2.909e+01 3.412e+00 1.564e+00 6.336e+00 6.378e+00
 4.408e+02 1.264e+02 2.673e+02 2.257e+02 1.794e+02 9.672e+01 7.037e+01 6.437e+01 3.239e+01 4.407e+01 5.018e+00 2.932e+00 6.994e+00 1.249e+01
 4.673e+02 1.303e+02 2.765e+02 2.071e+02 1.486e+02 1.312e+02 8.247e+01 5.958e+01 5.357e+01 3.150e+01 4.281e+00 2.666e+00 8.995e+00 1.277e+01
 5.864e+02 1.128e+02 3.189e+02 2.255e+02 1.623e+02 1.211e+02 6.625e+01 6.992e+01 3.987e+01 3.464e+01 4.161e+00 2.175e+00 5.011e+00 7.444e+00
 4.002e+02 1.043e+02 2.636e+02 2.129e+02 1.236e+02 1.199e+02 7.775e+01 5.702e+01 3.943e+01 3.290e+01 2.563e+00 2.309e+00 6.489e+00 6.842e+00
 3.657e+02 1.264e+02 2.496e+02 2.121e+02 1.281e+02 9.708e+01 6.483e+01 6.081e+01 3.394e+01 2.448e+01 3.218e+00 1.412e+00 5.090e+00 6.795e+00
 5.549e+02 1.376e+02 3.596e+02 2.601e+02 1.653e+02 1.092e+02 6.816e+01 6.796e+01 4.003e+01 3.710e+01 3.856e+00 1.561e+00 9.731e+00 1.246e+01
 5.275e+02 1.077e+02 3.135e+02 2.538e+02 1.631e+02 1.245e+02 7.062e+01 7.142e+01 3.689e+01 4.032e+01 3.417e+00 2.326e+00 7.265e+00 8.340e+00
 3.156e+02 8.212e+01 2.461e+02 1.928e+02 1.238e+02 8.703e+01 6.238e+01 4.430e+01 5.138e+01 3.565e+01 2.655e+00 2.749e+00 7.555e+00 1.099e+01
 4.394e+02 1.094e+02 2.842e+02 2.528e+02 1.515e+02 9.217e+01 6.664e+01 4.816e+01 3.598e+01 3.187e+01 4.286e+00 2.286e+00 6.441e+00 8.963e+00
 3.911e+02 1.104e+02 2.846e+02 2.088e+02 1.646e+02 1.102e+02 6.906e+01 5.013e+01 4.454e+01 3.353e+01 2.676e+00 2.657e+00 7.836e+00 8.993e+00
 3.958e+02 1.528e+02 2.913e+02 1.987e+02 1.671e+02 1.149e+02 8.989e+01 7.048e+01 5.764e+01 4.383e+01 3.516e+00 4.251e+00 1.276e+01 2.198e+01
 5.117e+02 1.238e+02 3.059e+02 2.621e+02 1.911e+02 9.538e+01 8.066e+01 6.691e+01 4.351e+01 3.745e+01 4.421e+00 2.616e+00 8.231e+00 1.706e+01
 3.168e+02 9.090e+01 2.074e+02 1.276e+02 1.394e+02 8.474e+01 6.246e+01 4.125e+01 3.270e+01 2.964e+01 2.944e+00 2.668e+00 5.702e+00 8.331e+00
