1  1.6289e+09
2  1.8156e+09
3  1.9431e+09
4  2.0080e+09
5  2.0120e+09
6  1.9789e+09
7  1.9160e+09
8  1.8390e+09
9  1.7640e+09
10  1.6979e+09
11  1.6417e+09
12  1.5164e+09
13  1.4158e+09
14  1.3154e+09
15  1.2138e+09
16  1.1321e+09
17  1.0655e+09
18  1.0137e+09
19  9.6588e+08
20  9.3025e+08
21  8.9846e+08
22  8.4493e+08
23  7.8423e+08
24  7.3384e+08
25  6.7412e+08
26  6.2899e+08
27  5.8773e+08
28  5.6001e+08
29  5.3605e+08
30  4.9633e+08
31  4.6335e+08
32  4.1963e+08
33  3.9192e+08
34  3.7162e+08
35  3.5701e+08
36  3.5151e+08
37  3.5277e+08
38  3.5711e+08
39  3.6043e+08
40  3.5560e+08
1  2.6126e+09
2  2.7616e+09
3  2.8390e+09
4  2.8465e+09
5  2.7869e+09
6  2.6931e+09
7  2.5800e+09
8  2.4566e+09
9  2.3121e+09
10  2.1820e+09
11  2.0658e+09
12  1.8737e+09
13  1.7030e+09
14  1.5626e+09
15  1.4469e+09
16  1.3559e+09
17  1.2875e+09
18  1.2306e+09
19  1.1774e+09
20  1.1373e+09
21  1.1017e+09
22  1.0347e+09
23  9.6396e+08
24  8.8409e+08
25  8.1859e+08
26  7.6355e+08
27  7.2353e+08
28  6.9135e+08
29  6.5378e+08
30  6.0182e+08
31  5.5813e+08
32  5.0144e+08
33  4.6314e+08
34  4.3309e+08
35  4.1034e+08
36  3.9126e+08
37  3.8857e+08
38  3.8889e+08
39  3.8328e+08
40  3.7514e+08
1  1.4068e+09
2  1.5465e+09
3  1.6389e+09
4  1.6832e+09
5  1.6874e+09
6  1.6515e+09
7  1.5952e+09
8  1.5300e+09
9  1.4640e+09
10  1.4034e+09
11  1.3571e+09
12  1.2335e+09
13  1.1468e+09
14  1.0822e+09
15  1.0157e+09
16  9.5651e+08
17  9.1774e+08
18  8.8512e+08
19  8.6556e+08
20  8.4238e+08
21  8.2094e+08
22  7.7772e+08
23  7.2590e+08
24  6.6561e+08
25  6.1238e+08
26  5.6765e+08
27  5.3671e+08
28  5.2119e+08
29  4.9920e+08
30  4.7489e+08
31  4.4566e+08
32  4.0302e+08
33  3.7979e+08
34  3.6416e+08
35  3.5513e+08
36  3.4381e+08
37  3.4317e+08
38  3.4584e+08
39  3.4137e+08
40  3.3042e+08
1  1.7979e+09
2  1.9659e+09
3  2.0571e+09
4  2.0873e+09
5  2.0582e+09
6  1.9878e+09
7  1.9040e+09
8  1.8105e+09
9  1.7120e+09
10  1.6254e+09
11  1.5652e+09
12  1.4361e+09
13  1.3343e+09
14  1.2455e+09
15  1.1774e+09
16  1.1377e+09
17  1.1002e+09
18  1.0703e+09
19  1.0437e+09
20  1.0122e+09
21  9.9376e+08
22  9.4842e+08
23  8.7922e+08
24  8.1476e+08
25  7.5780e+08
26  7.0727e+08
27  6.7184e+08
28  6.4664e+08
29  6.1472e+08
30  5.7218e+08
31  5.3089e+08
32  4.8084e+08
33  4.4784e+08
34  4.2217e+08
35  4.0549e+08
36  3.8928e+08
37  3.7654e+08
38  3.7508e+08
39  3.7141e+08
40  3.7300e+08
1  1.4302e+09
2  1.5689e+09
3  1.6601e+09
4  1.7028e+09
5  1.7016e+09
6  1.6749e+09
7  1.6251e+09
8  1.5666e+09
9  1.5000e+09
10  1.4361e+09
11  1.3871e+09
12  1.2759e+09
13  1.1762e+09
14  1.1004e+09
15  1.0445e+09
16  9.9954e+08
17  9.6510e+08
18  9.3972e+08
19  9.1196e+08
20  8.9153e+08
21  8.7687e+08
22  8.3434e+08
23  7.8382e+08
24  7.3282e+08
25  6.7671e+08
26  6.4107e+08
27  6.0051e+08
28  5.8379e+08
29  5.4906e+08
30  5.0350e+08
31  4.6702e+08
32  4.2151e+08
33  3.8762e+08
34  3.6769e+08
35  3.4414e+08
36  3.3362e+08
37  3.3081e+08
38  3.3278e+08
39  3.2470e+08
40  3.1952e+08
1  1.6992e+09
2  1.8504e+09
3  1.9476e+09
4  1.9695e+09
5  1.9442e+09
6  1.8874e+09
7  1.8053e+09
8  1.7357e+09
9  1.6503e+09
10  1.5647e+09
11  1.4987e+09
12  1.3673e+09
13  1.2554e+09
14  1.1594e+09
15  1.0835e+09
16  1.0360e+09
17  9.9376e+08
18  9.5260e+08
19  9.1571e+08
20  8.8201e+08
21  8.4635e+08
22  7.9422e+08
23  7.3314e+08
24  6.8134e+08
25  6.2999e+08
26  5.9149e+08
27  5.6629e+08
28  5.4586e+08
29  5.1689e+08
30  4.8144e+08
31  4.4522e+08
32  4.0671e+08
33  3.7950e+08
34  3.5788e+08
35  3.4675e+08
36  3.4003e+08
37  3.3501e+08
38  3.3458e+08
39  3.2663e+08
40  3.2062e+08
1  1.9756e+09
2  2.1639e+09
3  2.2790e+09
4  2.3119e+09
5  2.2791e+09
6  2.2042e+09
7  2.0983e+09
8  1.9792e+09
9  1.8651e+09
10  1.7556e+09
11  1.6671e+09
12  1.5193e+09
13  1.3872e+09
14  1.2781e+09
15  1.2056e+09
16  1.1501e+09
17  1.1036e+09
18  1.0724e+09
19  1.0379e+09
20  1.0020e+09
21  9.7810e+08
22  9.2697e+08
23  8.6049e+08
24  7.9086e+08
25  7.3019e+08
26  6.8278e+08
27  6.5224e+08
28  6.2816e+08
29  5.9997e+08
30  5.6113e+08
31  5.2226e+08
32  4.7719e+08
33  4.5145e+08
34  4.3755e+08
35  4.2849e+08
36  4.1901e+08
37  4.1344e+08
38  4.1408e+08
39  4.0523e+08
40  3.9356e+08
1  1.5155e+09
2  1.6695e+09
3  1.7611e+09
4  1.7903e+09
5  1.7643e+09
6  1.7120e+09
7  1.6488e+09
8  1.5773e+09
9  1.5022e+09
10  1.4286e+09
11  1.3660e+09
12  1.2401e+09
13  1.1224e+09
14  1.0439e+09
15  9.8198e+08
16  9.3044e+08
17  8.9830e+08
18  8.8189e+08
19  8.6639e+08
20  8.5342e+08
21  8.3923e+08
22  7.9632e+08
23  7.5191e+08
24  7.0166e+08
25  6.5597e+08
26  6.1719e+08
27  5.9155e+08
28  5.7259e+08
29  5.4773e+08
30  5.1049e+08
31  4.8259e+08
32  4.4083e+08
33  4.1578e+08
34  3.9636e+08
35  3.8486e+08
36  3.8143e+08
37  3.7990e+08
38  3.8186e+08
39  3.7452e+08
40  3.6673e+08
1  2.0866e+09
2  2.2684e+09
3  2.3737e+09
4  2.4162e+09
5  2.3914e+09
6  2.3275e+09
7  2.2434e+09
8  2.1434e+09
9  2.0290e+09
10  1.9240e+09
11  1.8363e+09
12  1.6714e+09
13  1.5166e+09
14  1.3847e+09
15  1.2816e+09
16  1.2082e+09
17  1.1594e+09
18  1.1078e+09
19  1.0785e+09
20  1.0454e+09
21  1.0199e+09
22  9.6853e+08
23  9.0462e+08
24  8.4482e+08
25  7.8239e+08
26  7.3505e+08
27  6.9409e+08
28  6.6405e+08
29  6.2570e+08
30  5.8031e+08
31  5.3798e+08
32  4.8236e+08
33  4.4222e+08
34  4.1092e+08
35  3.8511e+08
36  3.6926e+08
37  3.5861e+08
38  3.5354e+08
39  3.4371e+08
40  3.3409e+08
1  1.9982e+09
2  2.1702e+09
3  2.2581e+09
4  2.2575e+09
5  2.2032e+09
6  2.1103e+09
7  2.0066e+09
8  1.8942e+09
9  1.7955e+09
10  1.6994e+09
11  1.6254e+09
12  1.4895e+09
13  1.3555e+09
14  1.2576e+09
15  1.1755e+09
16  1.1131e+09
17  1.0714e+09
18  1.0344e+09
19  1.0010e+09
20  9.7523e+08
21  9.5672e+08
22  9.0829e+08
23  8.4139e+08
24  7.8258e+08
25  7.2696e+08
26  6.8671e+08
27  6.5699e+08
28  6.3514e+08
29  6.0486e+08
30  5.6744e+08
31  5.2964e+08
32  4.8754e+08
33  4.6026e+08
34  4.3956e+08
35  4.2293e+08
36  4.1214e+08
37  4.0390e+08
38  3.9969e+08
39  3.9034e+08
40  3.8209e+08
1  1.7643e+09
2  1.9068e+09
3  1.9916e+09
4  2.0144e+09
5  1.9857e+09
6  1.9360e+09
7  1.8680e+09
8  1.7943e+09
9  1.7234e+09
10  1.6437e+09
11  1.5821e+09
12  1.4485e+09
13  1.3369e+09
14  1.2534e+09
15  1.1933e+09
16  1.1306e+09
17  1.0937e+09
18  1.0469e+09
19  1.0066e+09
20  9.7124e+08
21  9.3573e+08
22  8.7345e+08
23  7.9820e+08
24  7.3435e+08
25  6.7690e+08
26  6.2898e+08
27  5.8948e+08
28  5.6589e+08
29  5.3359e+08
30  5.0100e+08
31  4.7452e+08
32  4.4310e+08
33  4.2168e+08
34  4.1160e+08
35  3.9823e+08
36  3.9030e+08
37  3.8578e+08
38  3.8545e+08
39  3.7817e+08
40  3.7585e+08
1  1.6727e+09
2  1.8255e+09
3  1.9152e+09
4  1.9414e+09
5  1.9129e+09
6  1.8435e+09
7  1.7525e+09
8  1.6518e+09
9  1.5556e+09
10  1.4676e+09
11  1.3994e+09
12  1.2789e+09
13  1.1885e+09
14  1.1068e+09
15  1.0470e+09
16  9.9972e+08
17  9.7055e+08
18  9.4834e+08
19  9.3006e+08
20  9.1414e+08
21  8.9986e+08
22  8.5516e+08
23  8.0453e+08
24  7.4828e+08
25  7.0285e+08
26  6.6878e+08
27  6.4369e+08
28  6.1800e+08
29  5.8824e+08
30  5.4693e+08
31  5.0755e+08
32  4.6341e+08
33  4.3684e+08
34  4.1794e+08
35  4.0387e+08
36  3.9957e+08
37  4.0005e+08
38  4.0489e+08
39  4.0474e+08
40  4.0178e+08
1  1.6737e+09
2  1.8111e+09
3  1.8951e+09
4  1.9350e+09
5  1.9219e+09
6  1.8754e+09
7  1.7980e+09
8  1.7312e+09
9  1.6555e+09
10  1.5731e+09
11  1.5091e+09
12  1.3830e+09
13  1.2691e+09
14  1.1866e+09
15  1.1303e+09
16  1.0877e+09
17  1.0488e+09
18  1.0139e+09
19  9.8705e+08
20  9.5602e+08
21  9.2552e+08
22  8.7343e+08
23  8.0288e+08
24  7.3845e+08
25  6.7926e+08
26  6.3471e+08
27  6.0507e+08
28  5.8560e+08
29  5.5546e+08
30  5.1440e+08
31  4.8230e+08
32  4.4324e+08
33  4.1471e+08
34  3.9476e+08
35  3.7395e+08
36  3.6263e+08
37  3.6037e+08
38  3.6177e+08
39  3.5915e+08
40  3.5594e+08
1  1.4465e+09
2  1.5795e+09
3  1.6527e+09
4  1.6754e+09
5  1.6502e+09
6  1.5951e+09
7  1.5212e+09
8  1.4588e+09
9  1.3878e+09
10  1.3228e+09
11  1.2728e+09
12  1.1565e+09
13  1.0676e+09
14  9.9142e+08
15  9.3950e+08
16  8.9914e+08
17  8.7803e+08
18  8.5999e+08
19  8.3370e+08
20  8.1390e+08
21  7.8868e+08
22  7.3959e+08
23  6.7915e+08
24  6.2294e+08
25  5.7541e+08
26  5.3172e+08
27  5.0428e+08
28  4.8717e+08
29  4.6913e+08
30  4.4241e+08
31  4.1829e+08
32  3.8259e+08
33  3.5768e+08
34  3.3787e+08
35  3.2577e+08
36  3.1571e+08
37  3.1232e+08
38  3.0737e+08
39  3.0266e+08
40  2.9448e+08
1  1.6640e+09
2  1.8103e+09
3  1.9014e+09
4  1.9280e+09
5  1.9081e+09
6  1.8596e+09
7  1.7851e+09
8  1.6915e+09
9  1.6001e+09
10  1.5113e+09
11  1.4356e+09
12  1.2821e+09
13  1.1742e+09
14  1.0931e+09
15  1.0271e+09
16  9.9047e+08
17  9.5919e+08
18  9.2685e+08
19  8.9513e+08
20  8.7619e+08
21  8.5663e+08
22  8.0611e+08
23  7.4648e+08
24  6.9272e+08
25  6.4204e+08
26  5.9837e+08
27  5.7411e+08
28  5.6016e+08
29  5.3176e+08
30  4.9421e+08
31  4.7203e+08
32  4.3900e+08
33  4.1490e+08
34  4.0224e+08
35  3.8987e+08
36  3.8602e+08
37  3.7912e+08
38  3.7328e+08
39  3.6234e+08
40  3.4885e+08
1  2.2661e+09
2  2.4156e+09
3  2.4821e+09
4  2.4711e+09
5  2.4024e+09
6  2.2932e+09
7  2.1691e+09
8  2.0448e+09
9  1.9137e+09
10  1.8019e+09
11  1.7200e+09
12  1.5686e+09
13  1.4466e+09
14  1.3328e+09
15  1.2517e+09
16  1.1931e+09
17  1.1539e+09
18  1.1226e+09
19  1.0791e+09
20  1.0405e+09
21  1.0052e+09
22  9.4511e+08
23  8.6656e+08
24  7.9095e+08
25  7.2857e+08
26  6.7630e+08
27  6.3575e+08
28  6.0173e+08
29  5.6508e+08
30  5.1991e+08
31  4.8255e+08
32  4.3650e+08
33  4.0376e+08
34  3.8662e+08
35  3.7357e+08
36  3.6403e+08
37  3.5634e+08
38  3.4523e+08
39  3.3382e+08
40  3.1933e+08
1  1.9929e+09
2  2.1453e+09
3  2.2275e+09
4  2.2644e+09
5  2.2434e+09
6  2.1839e+09
7  2.0970e+09
8  1.9800e+09
9  1.8687e+09
10  1.7752e+09
11  1.6768e+09
12  1.5309e+09
13  1.4075e+09
14  1.3123e+09
15  1.2327e+09
16  1.1709e+09
17  1.1250e+09
18  1.0871e+09
19  1.0560e+09
20  1.0234e+09
21  9.8812e+08
22  9.2396e+08
23  8.4398e+08
24  7.6397e+08
25  6.9872e+08
26  6.5478e+08
27  6.2495e+08
28  6.0677e+08
29  5.7517e+08
30  5.4153e+08
31  5.1256e+08
32  4.7145e+08
33  4.4422e+08
34  4.2494e+08
35  4.0686e+08
36  3.9750e+08
37  3.8868e+08
38  3.8436e+08
39  3.7802e+08
40  3.7549e+08
1  1.5482e+09
2  1.6904e+09
3  1.7711e+09
4  1.7910e+09
5  1.7728e+09
6  1.7117e+09
7  1.6242e+09
8  1.5420e+09
9  1.4542e+09
10  1.3743e+09
11  1.3208e+09
12  1.2171e+09
13  1.1374e+09
14  1.0688e+09
15  1.0165e+09
16  9.7510e+08
17  9.4438e+08
18  9.2082e+08
19  8.9492e+08
20  8.6897e+08
21  8.5625e+08
22  8.1607e+08
23  7.7158e+08
24  7.2383e+08
25  6.8153e+08
26  6.5193e+08
27  6.2845e+08
28  6.1489e+08
29  5.8849e+08
30  5.5730e+08
31  5.2230e+08
32  4.7490e+08
33  4.4039e+08
34  4.1696e+08
35  3.9664e+08
36  3.7846e+08
37  3.6519e+08
38  3.5768e+08
39  3.5230e+08
40  3.4181e+08
1  1.7336e+09
2  1.8701e+09
3  1.9389e+09
4  1.9706e+09
5  1.9521e+09
6  1.8994e+09
7  1.8042e+09
8  1.7158e+09
9  1.6201e+09
10  1.5496e+09
11  1.4900e+09
12  1.3694e+09
13  1.2676e+09
14  1.1998e+09
15  1.1391e+09
16  1.1085e+09
17  1.0792e+09
18  1.0510e+09
19  1.0160e+09
20  9.8477e+08
21  9.4936e+08
22  8.9171e+08
23  8.2284e+08
24  7.6004e+08
25  7.0035e+08
26  6.5726e+08
27  6.2437e+08
28  5.9140e+08
29  5.6003e+08
30  5.1889e+08
31  4.8217e+08
32  4.4195e+08
33  4.1314e+08
34  3.9885e+08
35  3.8743e+08
36  3.7958e+08
37  3.7703e+08
38  3.7969e+08
39  3.7256e+08
40  3.6289e+08
1  2.2212e+09
2  2.3941e+09
3  2.4876e+09
4  2.4957e+09
5  2.4408e+09
6  2.3580e+09
7  2.2460e+09
8  2.1120e+09
9  1.9884e+09
10  1.8832e+09
11  1.7919e+09
12  1.6412e+09
13  1.4939e+09
14  1.4024e+09
15  1.3194e+09
16  1.2534e+09
17  1.2083e+09
18  1.1739e+09
19  1.1387e+09
20  1.1093e+09
21  1.0791e+09
22  1.0129e+09
23  9.3882e+08
24  8.5104e+08
25  7.7680e+08
26  7.1570e+08
27  6.6818e+08
28  6.3812e+08
29  6.0384e+08
30  5.6039e+08
31  5.2305e+08
32  4.7803e+08
33  4.5114e+08
34  4.3685e+08
35  4.2014e+08
36  4.0484e+08
37  3.9376e+08
38  3.8410e+08
39  3.6996e+08
40  3.5778e+08
1  1.7957e+09
2  1.9316e+09
3  2.0129e+09
4  2.0341e+09
5  2.0096e+09
6  1.9534e+09
7  1.8741e+09
8  1.7923e+09
9  1.7130e+09
10  1.6382e+09
11  1.5765e+09
12  1.4486e+09
13  1.3257e+09
14  1.2257e+09
15  1.1404e+09
16  1.0926e+09
17  1.0440e+09
18  1.0117e+09
19  9.7784e+08
20  9.5118e+08
21  9.3980e+08
22  8.8773e+08
23  8.3659e+08
24  7.7689e+08
25  7.1918e+08
26  6.6917e+08
27  6.3333e+08
28  6.0395e+08
29  5.7210e+08
30  5.3202e+08
31  4.9965e+08
32  4.5665e+08
33  4.3046e+08
34  4.0753e+08
35  3.8529e+08
36  3.6797e+08
37  3.5729e+08
38  3.5204e+08
39  3.3741e+08
40  3.1763e+08
1  1.6699e+09
2  1.8427e+09
3  1.9458e+09
4  1.9711e+09
5  1.9516e+09
6  1.8917e+09
7  1.8069e+09
8  1.7125e+09
9  1.6279e+09
10  1.5507e+09
11  1.4922e+09
12  1.3706e+09
13  1.2748e+09
14  1.2044e+09
15  1.1403e+09
16  1.0920e+09
17  1.0554e+09
18  1.0278e+09
19  9.9651e+08
20  9.5849e+08
21  9.2383e+08
22  8.6358e+08
23  7.9819e+08
24  7.3097e+08
25  6.6676e+08
26  6.2357e+08
27  5.9571e+08
28  5.7651e+08
29  5.5326e+08
30  5.2036e+08
31  4.8933e+08
32  4.4993e+08
33  4.1827e+08
34  3.9920e+08
35  3.7687e+08
36  3.6663e+08
37  3.6300e+08
38  3.6364e+08
39  3.5910e+08
40  3.5284e+08
1  2.0908e+09
2  2.2637e+09
3  2.3618e+09
4  2.3847e+09
5  2.3648e+09
6  2.3027e+09
7  2.2149e+09
8  2.1143e+09
9  2.0122e+09
10  1.8989e+09
11  1.8072e+09
12  1.6405e+09
13  1.4987e+09
14  1.3860e+09
15  1.3000e+09
16  1.2488e+09
17  1.2034e+09
18  1.1670e+09
19  1.1402e+09
20  1.1081e+09
21  1.0721e+09
22  1.0133e+09
23  9.4849e+08
24  8.8471e+08
25  8.2197e+08
26  7.7787e+08
27  7.4540e+08
28  7.1273e+08
29  6.7336e+08
30  6.2668e+08
31  5.8313e+08
32  5.3390e+08
33  4.9583e+08
34  4.6534e+08
35  4.4547e+08
36  4.3010e+08
37  4.2259e+08
38  4.2171e+08
39  4.1753e+08
40  4.1227e+08
1  1.7633e+09
2  1.9322e+09
3  2.0354e+09
4  2.0708e+09
5  2.0440e+09
6  1.9844e+09
7  1.9061e+09
8  1.8055e+09
9  1.7137e+09
10  1.6179e+09
11  1.5479e+09
12  1.4321e+09
13  1.3268e+09
14  1.2395e+09
15  1.1758e+09
16  1.1331e+09
17  1.0970e+09
18  1.0705e+09
19  1.0515e+09
20  1.0266e+09
21  1.0039e+09
22  9.5387e+08
23  8.9106e+08
24  8.2120e+08
25  7.5283e+08
26  6.9699e+08
27  6.5495e+08
28  6.2804e+08
29  5.9778e+08
30  5.5892e+08
31  5.2357e+08
32  4.7732e+08
33  4.4806e+08
34  4.2488e+08
35  4.0814e+08
36  3.9697e+08
37  3.8821e+08
38  3.8629e+08
39  3.7354e+08
40  3.6438e+08
1  1.6174e+09
2  1.7617e+09
3  1.8393e+09
4  1.8564e+09
5  1.8343e+09
6  1.7793e+09
7  1.7059e+09
8  1.6204e+09
9  1.5376e+09
10  1.4650e+09
11  1.4011e+09
12  1.2846e+09
13  1.1867e+09
14  1.1034e+09
15  1.0438e+09
16  1.0002e+09
17  9.7233e+08
18  9.4561e+08
19  9.1421e+08
20  8.9572e+08
21  8.8119e+08
22  8.4102e+08
23  7.7679e+08
24  7.2344e+08
25  6.7863e+08
26  6.4001e+08
27  6.0613e+08
28  5.8323e+08
29  5.5458e+08
30  5.1922e+08
31  4.8824e+08
32  4.4817e+08
33  4.1920e+08
34  3.9912e+08
35  3.7814e+08
36  3.5747e+08
37  3.4913e+08
38  3.5000e+08
39  3.4394e+08
40  3.3396e+08
1  1.9329e+09
2  2.0867e+09
3  2.1755e+09
4  2.2023e+09
5  2.1807e+09
6  2.1205e+09
7  2.0328e+09
8  1.9326e+09
9  1.8297e+09
10  1.7334e+09
11  1.6465e+09
12  1.4979e+09
13  1.3603e+09
14  1.2605e+09
15  1.1695e+09
16  1.1064e+09
17  1.0553e+09
18  1.0312e+09
19  1.0052e+09
20  9.8742e+08
21  9.6471e+08
22  9.1935e+08
23  8.5822e+08
24  7.9605e+08
25  7.3692e+08
26  6.8892e+08
27  6.4643e+08
28  6.1467e+08
29  5.7145e+08
30  5.2109e+08
31  4.8460e+08
32  4.3993e+08
33  4.1063e+08
34  3.8921e+08
35  3.7305e+08
36  3.5966e+08
37  3.5545e+08
38  3.5164e+08
39  3.4383e+08
40  3.3614e+08
1  1.9151e+09
2  2.0635e+09
3  2.1443e+09
4  2.1608e+09
5  2.1309e+09
6  2.0825e+09
7  2.0049e+09
8  1.9173e+09
9  1.8421e+09
10  1.7637e+09
11  1.6974e+09
12  1.5694e+09
13  1.4593e+09
14  1.3629e+09
15  1.2861e+09
16  1.2433e+09
17  1.1990e+09
18  1.1648e+09
19  1.1298e+09
20  1.1009e+09
21  1.0763e+09
22  1.0184e+09
23  9.4603e+08
24  8.6216e+08
25  7.8819e+08
26  7.2758e+08
27  6.8159e+08
28  6.5605e+08
29  6.1380e+08
30  5.6109e+08
31  5.1900e+08
32  4.6568e+08
33  4.2939e+08
34  3.9959e+08
35  3.7676e+08
36  3.5837e+08
37  3.4910e+08
38  3.3910e+08
39  3.2610e+08
40  3.0609e+08
1  1.7556e+09
2  1.9057e+09
3  2.0025e+09
4  2.0327e+09
5  2.0200e+09
6  1.9623e+09
7  1.8881e+09
8  1.7906e+09
9  1.6939e+09
10  1.6070e+09
11  1.5291e+09
12  1.3814e+09
13  1.2667e+09
14  1.1850e+09
15  1.1237e+09
16  1.0795e+09
17  1.0449e+09
18  1.0040e+09
19  9.8107e+08
20  9.5330e+08
21  9.3310e+08
22  8.7774e+08
23  8.1603e+08
24  7.5222e+08
25  6.9352e+08
26  6.4414e+08
27  6.1117e+08
28  5.9081e+08
29  5.6520e+08
30  5.2563e+08
31  4.9933e+08
32  4.5995e+08
33  4.4101e+08
34  4.2372e+08
35  4.0816e+08
36  3.9451e+08
37  3.8824e+08
38  3.7949e+08
39  3.6841e+08
40  3.5788e+08
1  1.9977e+09
2  2.1453e+09
3  2.2325e+09
4  2.2518e+09
5  2.2102e+09
6  2.1315e+09
7  2.0370e+09
8  1.9299e+09
9  1.8203e+09
10  1.7208e+09
11  1.6269e+09
12  1.4833e+09
13  1.3692e+09
14  1.2698e+09
15  1.1973e+09
16  1.1462e+09
17  1.1091e+09
18  1.0896e+09
19  1.0563e+09
20  1.0232e+09
21  9.9738e+08
22  9.4200e+08
23  8.7636e+08
24  8.1234e+08
25  7.5033e+08
26  6.9845e+08
27  6.6880e+08
28  6.4331e+08
29  6.1218e+08
30  5.6554e+08
31  5.2550e+08
32  4.7755e+08
33  4.3889e+08
34  4.1482e+08
35  3.8739e+08
36  3.7325e+08
37  3.6396e+08
38  3.5878e+08
39  3.5048e+08
40  3.3405e+08
1  1.6937e+09
2  1.8568e+09
3  1.9567e+09
4  1.9876e+09
5  1.9573e+09
6  1.9002e+09
7  1.8173e+09
8  1.7229e+09
9  1.6242e+09
10  1.5376e+09
11  1.4695e+09
12  1.3377e+09
13  1.2220e+09
14  1.1262e+09
15  1.0565e+09
16  1.0084e+09
17  9.6268e+08
18  9.4218e+08
19  9.2223e+08
20  9.0700e+08
21  8.9606e+08
22  8.5743e+08
23  8.0319e+08
24  7.4558e+08
25  6.8542e+08
26  6.4299e+08
27  6.0885e+08
28  5.8683e+08
29  5.6183e+08
30  5.2534e+08
31  4.9298e+08
32  4.5545e+08
33  4.3903e+08
34  4.2228e+08
35  4.1019e+08
36  4.0156e+08
37  3.9928e+08
38  3.9823e+08
39  3.9409e+08
40  3.9310e+08
1  1.7688e+09
2  1.9027e+09
3  1.9748e+09
4  1.9814e+09
5  1.9420e+09
6  1.8619e+09
7  1.7642e+09
8  1.6727e+09
9  1.5966e+09
10  1.5293e+09
11  1.4707e+09
12  1.3568e+09
13  1.2597e+09
14  1.1751e+09
15  1.1113e+09
16  1.0621e+09
17  1.0335e+09
18  1.0093e+09
19  9.8424e+08
20  9.6085e+08
21  9.3403e+08
22  8.8376e+08
23  8.1988e+08
24  7.5592e+08
25  6.9972e+08
26  6.5833e+08
27  6.2777e+08
28  6.0508e+08
29  5.8114e+08
30  5.4603e+08
31  5.1251e+08
32  4.6843e+08
33  4.3777e+08
34  4.1344e+08
35  3.9539e+08
36  3.7634e+08
37  3.6894e+08
38  3.6055e+08
39  3.4986e+08
40  3.4230e+08
1  1.6497e+09
2  1.8082e+09
3  1.9005e+09
4  1.9335e+09
5  1.9199e+09
6  1.8778e+09
7  1.8033e+09
8  1.7183e+09
9  1.6376e+09
10  1.5635e+09
11  1.4993e+09
12  1.3664e+09
13  1.2735e+09
14  1.1924e+09
15  1.1223e+09
16  1.0608e+09
17  1.0101e+09
18  9.6347e+08
19  9.2467e+08
20  9.0060e+08
21  8.7238e+08
22  8.2476e+08
23  7.6581e+08
24  7.0406e+08
25  6.4848e+08
26  6.1297e+08
27  5.9124e+08
28  5.7374e+08
29  5.5134e+08
30  5.1614e+08
31  4.8399e+08
32  4.4677e+08
33  4.1848e+08
34  3.9778e+08
35  3.8347e+08
36  3.6734e+08
37  3.5694e+08
38  3.5363e+08
39  3.4353e+08
40  3.3597e+08
1  1.7911e+09
2  1.9412e+09
3  2.0237e+09
4  2.0431e+09
5  2.0159e+09
6  1.9443e+09
7  1.8443e+09
8  1.7483e+09
9  1.6468e+09
10  1.5650e+09
11  1.4888e+09
12  1.3505e+09
13  1.2527e+09
14  1.1698e+09
15  1.0998e+09
16  1.0469e+09
17  1.0023e+09
18  9.6225e+08
19  9.3296e+08
20  9.1383e+08
21  8.9691e+08
22  8.5478e+08
23  7.9341e+08
24  7.3348e+08
25  6.7355e+08
26  6.3885e+08
27  6.0752e+08
28  5.9104e+08
29  5.5627e+08
30  5.1176e+08
31  4.7758e+08
32  4.3269e+08
33  4.0095e+08
34  3.7367e+08
35  3.4986e+08
36  3.3403e+08
37  3.2470e+08
38  3.2735e+08
39  3.2698e+08
40  3.2893e+08
1  1.4331e+09
2  1.5814e+09
3  1.6753e+09
4  1.7007e+09
5  1.6811e+09
6  1.6284e+09
7  1.5731e+09
8  1.5022e+09
9  1.4277e+09
10  1.3658e+09
11  1.3172e+09
12  1.2078e+09
13  1.1122e+09
14  1.0421e+09
15  9.9637e+08
16  9.5147e+08
17  9.1526e+08
18  8.8646e+08
19  8.6130e+08
20  8.4618e+08
21  8.2823e+08
22  7.9279e+08
23  7.4159e+08
24  6.9211e+08
25  6.3810e+08
26  6.0063e+08
27  5.7179e+08
28  5.4997e+08
29  5.2357e+08
30  4.8749e+08
31  4.6425e+08
32  4.2837e+08
33  4.0380e+08
34  3.8909e+08
35  3.7418e+08
36  3.6047e+08
37  3.5717e+08
38  3.5370e+08
39  3.4720e+08
40  3.4321e+08
1  1.7606e+09
2  1.9380e+09
3  2.0382e+09
4  2.0756e+09
5  2.0376e+09
6  1.9668e+09
7  1.8700e+09
8  1.7679e+09
9  1.6854e+09
10  1.6087e+09
11  1.5459e+09
12  1.4025e+09
13  1.2922e+09
14  1.1958e+09
15  1.1231e+09
16  1.0703e+09
17  1.0163e+09
18  9.8184e+08
19  9.5312e+08
20  9.2588e+08
21  9.0234e+08
22  8.5816e+08
23  7.9930e+08
24  7.4590e+08
25  6.9660e+08
26  6.6011e+08
27  6.3059e+08
28  6.0489e+08
29  5.7329e+08
30  5.3692e+08
31  4.9894e+08
32  4.5628e+08
33  4.2832e+08
34  4.0604e+08
35  3.9036e+08
36  3.7738e+08
37  3.6745e+08
38  3.6305e+08
39  3.5402e+08
40  3.4681e+08
1  2.1042e+09
2  2.2712e+09
3  2.3558e+09
4  2.3780e+09
5  2.3369e+09
6  2.2551e+09
7  2.1459e+09
8  2.0353e+09
9  1.9184e+09
10  1.8114e+09
11  1.7184e+09
12  1.5587e+09
13  1.4273e+09
14  1.3248e+09
15  1.2387e+09
16  1.1755e+09
17  1.1237e+09
18  1.0893e+09
19  1.0491e+09
20  1.0244e+09
21  1.0081e+09
22  9.5878e+08
23  8.9184e+08
24  8.3065e+08
25  7.7215e+08
26  7.1963e+08
27  6.8526e+08
28  6.5478e+08
29  6.1370e+08
30  5.7216e+08
31  5.3871e+08
32  4.9170e+08
33  4.6481e+08
34  4.4304e+08
35  4.2319e+08
36  4.1078e+08
37  4.0217e+08
38  3.9640e+08
39  3.9007e+08
40  3.7786e+08
1  1.5235e+09
2  1.6455e+09
3  1.7173e+09
4  1.7281e+09
5  1.6982e+09
6  1.6339e+09
7  1.5616e+09
8  1.5006e+09
9  1.4425e+09
10  1.3938e+09
11  1.3527e+09
12  1.2445e+09
13  1.1476e+09
14  1.0857e+09
15  1.0240e+09
16  9.8580e+08
17  9.4161e+08
18  9.0284e+08
19  8.8074e+08
20  8.4177e+08
21  8.2421e+08
22  7.8138e+08
23  7.2976e+08
24  6.7928e+08
25  6.3218e+08
26  5.9116e+08
27  5.6635e+08
28  5.5199e+08
29  5.2774e+08
30  4.9582e+08
31  4.6289e+08
32  4.1041e+08
33  3.8241e+08
34  3.6074e+08
35  3.4915e+08
36  3.3783e+08
37  3.3428e+08
38  3.3446e+08
39  3.2816e+08
40  3.1489e+08
1  1.8057e+09
2  1.9495e+09
3  2.0234e+09
4  2.0327e+09
5  1.9866e+09
6  1.9035e+09
7  1.8095e+09
8  1.7124e+09
9  1.6226e+09
10  1.5480e+09
11  1.4821e+09
12  1.3497e+09
13  1.2479e+09
14  1.1544e+09
15  1.0953e+09
16  1.0519e+09
17  1.0284e+09
18  1.0050e+09
19  9.8622e+08
20  9.6630e+08
21  9.4505e+08
22  8.9093e+08
23  8.2423e+08
24  7.6128e+08
25  6.9908e+08
26  6.5229e+08
27  6.2246e+08
28  6.0515e+08
29  5.7407e+08
30  5.3271e+08
31  5.0186e+08
32  4.5914e+08
33  4.3041e+08
34  4.0262e+08
35  3.7841e+08
36  3.6000e+08
37  3.5100e+08
38  3.4439e+08
39  3.3713e+08
40  3.3050e+08
1  1.8389e+09
2  1.9967e+09
3  2.0804e+09
4  2.1059e+09
5  2.0777e+09
6  2.0186e+09
7  1.9343e+09
8  1.8458e+09
9  1.7525e+09
10  1.6655e+09
11  1.5917e+09
12  1.4625e+09
13  1.3546e+09
14  1.2533e+09
15  1.1855e+09
16  1.1352e+09
17  1.0940e+09
18  1.0626e+09
19  1.0237e+09
20  9.9592e+08
21  9.6344e+08
22  9.0461e+08
23  8.4678e+08
24  7.8209e+08
25  7.2149e+08
26  6.6836e+08
27  6.3019e+08
28  6.0734e+08
29  5.7061e+08
30  5.3254e+08
31  4.9677e+08
32  4.5007e+08
33  4.1810e+08
34  3.9569e+08
35  3.8324e+08
36  3.7184e+08
37  3.6411e+08
38  3.6059e+08
39  3.5647e+08
40  3.4767e+08
1  1.6250e+09
2  1.7644e+09
3  1.8491e+09
4  1.8778e+09
5  1.8541e+09
6  1.7867e+09
7  1.7008e+09
8  1.6090e+09
9  1.5294e+09
10  1.4537e+09
11  1.3870e+09
12  1.2614e+09
13  1.1605e+09
14  1.0905e+09
15  1.0333e+09
16  9.9734e+08
17  9.7677e+08
18  9.5692e+08
19  9.3251e+08
20  9.1285e+08
21  8.9149e+08
22  8.4342e+08
23  7.8937e+08
24  7.2623e+08
25  6.7088e+08
26  6.2942e+08
27  5.9881e+08
28  5.7431e+08
29  5.4261e+08
30  5.0054e+08
31  4.6240e+08
32  4.1701e+08
33  3.8426e+08
34  3.6350e+08
35  3.5026e+08
36  3.4176e+08
37  3.4588e+08
38  3.5296e+08
39  3.5294e+08
40  3.5209e+08
1  1.5709e+09
2  1.7427e+09
3  1.8648e+09
4  1.9230e+09
5  1.9215e+09
6  1.8795e+09
7  1.8102e+09
8  1.7288e+09
9  1.6463e+09
10  1.5684e+09
11  1.4956e+09
12  1.3490e+09
13  1.2299e+09
14  1.1452e+09
15  1.0720e+09
16  1.0236e+09
17  9.9314e+08
18  9.6490e+08
19  9.3884e+08
20  9.1753e+08
21  8.9957e+08
22  8.5013e+08
23  7.8295e+08
24  7.1581e+08
25  6.4865e+08
26  5.9690e+08
27  5.5382e+08
28  5.2789e+08
29  5.0045e+08
30  4.5730e+08
31  4.2402e+08
32  3.8460e+08
33  3.6352e+08
34  3.4815e+08
35  3.3910e+08
36  3.3708e+08
37  3.3038e+08
38  3.3384e+08
39  3.3068e+08
40  3.2291e+08
1  1.4407e+09
2  1.5947e+09
3  1.6948e+09
4  1.7335e+09
5  1.7234e+09
6  1.6919e+09
7  1.6341e+09
8  1.5592e+09
9  1.4798e+09
10  1.4115e+09
11  1.3554e+09
12  1.2421e+09
13  1.1671e+09
14  1.0998e+09
15  1.0446e+09
16  9.9322e+08
17  9.5635e+08
18  9.2075e+08
19  8.8794e+08
20  8.5894e+08
21  8.2879e+08
22  7.7337e+08
23  7.1471e+08
24  6.5301e+08
25  5.9223e+08
26  5.5561e+08
27  5.2903e+08
28  5.1409e+08
29  4.8900e+08
30  4.5868e+08
31  4.3362e+08
32  3.9574e+08
33  3.6792e+08
34  3.4842e+08
35  3.3296e+08
36  3.1913e+08
37  3.1598e+08
38  3.1891e+08
39  3.1051e+08
40  3.0357e+08
1  1.6761e+09
2  1.8749e+09
3  2.0038e+09
4  2.0540e+09
5  2.0383e+09
6  1.9783e+09
7  1.8945e+09
8  1.7913e+09
9  1.6848e+09
10  1.5976e+09
11  1.5252e+09
12  1.3740e+09
13  1.2652e+09
14  1.1714e+09
15  1.0959e+09
16  1.0462e+09
17  1.0012e+09
18  9.6719e+08
19  9.3938e+08
20  9.1347e+08
21  8.8940e+08
22  8.3780e+08
23  7.7573e+08
24  7.1883e+08
25  6.6336e+08
26  6.1867e+08
27  5.8938e+08
28  5.7249e+08
29  5.4986e+08
30  5.1655e+08
31  4.8755e+08
32  4.4366e+08
33  4.1863e+08
34  4.0186e+08
35  3.8648e+08
36  3.7684e+08
37  3.7523e+08
38  3.8255e+08
39  3.8617e+08
40  3.9062e+08
1  1.7829e+09
2  1.9575e+09
3  2.0686e+09
4  2.1033e+09
5  2.0795e+09
6  2.0094e+09
7  1.9161e+09
8  1.8302e+09
9  1.7450e+09
10  1.6532e+09
11  1.5844e+09
12  1.4415e+09
13  1.3212e+09
14  1.2127e+09
15  1.1301e+09
16  1.0609e+09
17  1.0031e+09
18  9.5856e+08
19  9.1908e+08
20  8.8981e+08
21  8.5908e+08
22  8.1252e+08
23  7.5767e+08
24  6.9920e+08
25  6.4477e+08
26  6.0885e+08
27  5.7835e+08
28  5.6055e+08
29  5.3688e+08
30  5.0090e+08
31  4.6966e+08
32  4.2395e+08
33  3.9544e+08
34  3.7559e+08
35  3.6084e+08
36  3.5258e+08
37  3.5024e+08
38  3.5758e+08
39  3.5686e+08
40  3.5775e+08
1  1.8999e+09
2  2.0711e+09
3  2.1663e+09
4  2.1875e+09
5  2.1481e+09
6  2.0794e+09
7  1.9880e+09
8  1.8850e+09
9  1.7742e+09
10  1.6659e+09
11  1.5776e+09
12  1.4439e+09
13  1.3283e+09
14  1.2360e+09
15  1.1718e+09
16  1.1262e+09
17  1.0907e+09
18  1.0689e+09
19  1.0517e+09
20  1.0300e+09
21  1.0049e+09
22  9.4718e+08
23  8.7410e+08
24  7.9835e+08
25  7.4007e+08
26  6.8862e+08
27  6.4837e+08
28  6.2169e+08
29  5.8322e+08
30  5.3843e+08
31  5.0207e+08
32  4.6557e+08
33  4.3713e+08
34  4.0962e+08
35  3.8178e+08
36  3.5850e+08
37  3.4228e+08
38  3.3339e+08
39  3.1932e+08
40  3.0105e+08
1  1.7412e+09
2  1.9152e+09
3  2.0232e+09
4  2.0556e+09
5  2.0378e+09
6  1.9780e+09
7  1.8824e+09
8  1.7794e+09
9  1.6732e+09
10  1.5716e+09
11  1.4831e+09
12  1.3335e+09
13  1.2089e+09
14  1.1036e+09
15  1.0242e+09
16  9.7414e+08
17  9.3017e+08
18  9.0095e+08
19  8.7635e+08
20  8.4699e+08
21  8.2846e+08
22  7.8300e+08
23  7.3431e+08
24  6.8563e+08
25  6.3591e+08
26  6.0023e+08
27  5.7858e+08
28  5.6596e+08
29  5.4269e+08
30  5.0982e+08
31  4.8121e+08
32  4.3840e+08
33  4.0707e+08
34  3.8218e+08
35  3.5501e+08
36  3.3512e+08
37  3.2684e+08
38  3.2493e+08
39  3.2013e+08
40  3.1745e+08
1  1.5281e+09
2  1.6569e+09
3  1.7233e+09
4  1.7491e+09
5  1.7341e+09
6  1.6898e+09
7  1.6216e+09
8  1.5485e+09
9  1.4788e+09
10  1.4035e+09
11  1.3514e+09
12  1.2304e+09
13  1.1406e+09
14  1.0602e+09
15  1.0087e+09
16  9.7439e+08
17  9.4613e+08
18  9.3254e+08
19  9.1830e+08
20  9.0491e+08
21  8.8960e+08
22  8.4835e+08
23  7.9325e+08
24  7.3612e+08
25  6.8130e+08
26  6.3027e+08
27  5.9758e+08
28  5.7383e+08
29  5.4325e+08
30  5.0651e+08
31  4.6933e+08
32  4.2598e+08
33  3.9871e+08
34  3.7853e+08
35  3.5613e+08
36  3.4168e+08
37  3.3780e+08
38  3.4242e+08
39  3.3730e+08
40  3.3004e+08
1  2.1325e+09
2  2.3355e+09
3  2.4622e+09
4  2.4970e+09
5  2.4665e+09
6  2.3793e+09
7  2.2725e+09
8  2.1571e+09
9  2.0414e+09
10  1.9322e+09
11  1.8349e+09
12  1.6689e+09
13  1.5354e+09
14  1.4023e+09
15  1.3122e+09
16  1.2351e+09
17  1.1764e+09
18  1.1429e+09
19  1.1095e+09
20  1.0897e+09
21  1.0689e+09
22  1.0227e+09
23  9.5696e+08
24  8.8863e+08
25  8.2603e+08
26  7.6344e+08
27  7.2514e+08
28  6.9861e+08
29  6.6472e+08
30  6.2499e+08
31  5.8382e+08
32  5.3097e+08
33  4.9843e+08
34  4.7340e+08
35  4.5283e+08
36  4.3681e+08
37  4.2374e+08
38  4.1346e+08
39  4.0087e+08
40  3.8588e+08
1  1.8131e+09
2  1.9759e+09
3  2.0775e+09
4  2.1096e+09
5  2.0885e+09
6  2.0278e+09
7  1.9356e+09
8  1.8521e+09
9  1.7572e+09
10  1.6726e+09
11  1.6044e+09
12  1.4662e+09
13  1.3665e+09
14  1.2911e+09
15  1.2177e+09
16  1.1737e+09
17  1.1253e+09
18  1.0828e+09
19  1.0405e+09
20  1.0050e+09
21  9.7011e+08
22  9.0999e+08
23  8.4643e+08
24  7.7622e+08
25  7.2323e+08
26  6.7984e+08
27  6.4745e+08
28  6.2468e+08
29  5.9543e+08
30  5.5609e+08
31  5.2208e+08
32  4.7356e+08
33  4.3844e+08
34  4.1586e+08
35  3.9154e+08
36  3.7671e+08
37  3.6940e+08
38  3.7229e+08
39  3.7446e+08
40  3.7359e+08
1  1.8448e+09
2  1.9938e+09
3  2.0744e+09
4  2.0995e+09
5  2.0600e+09
6  1.9942e+09
7  1.8986e+09
8  1.7911e+09
9  1.6887e+09
10  1.5921e+09
11  1.5101e+09
12  1.3738e+09
13  1.2673e+09
14  1.1906e+09
15  1.1163e+09
16  1.0653e+09
17  1.0293e+09
18  1.0043e+09
19  9.7950e+08
20  9.5059e+08
21  9.2199e+08
22  8.6218e+08
23  8.0516e+08
24  7.3889e+08
25  6.8253e+08
26  6.2989e+08
27  5.9471e+08
28  5.7902e+08
29  5.4868e+08
30  5.1483e+08
31  4.7731e+08
32  4.2948e+08
33  3.9408e+08
34  3.6771e+08
35  3.4139e+08
36  3.2148e+08
37  3.0969e+08
38  2.9625e+08
39  2.8182e+08
40  2.6645e+08
