1024.76
2.8
5.0189
5.0189
5.0189
5.0189
5.0189
5.0189
5.0189
5.0189
5.0189
5.0189
5.0189
5.0189
5.0189
5.0189
5.0189
5.0189
5.0189
5.0189
5.0189
5.0189
5.0189
5.0189
5.0189
5.0189
5.0189
5.0189
5.0189
5.0189
5.0189
5.0189
5.0189
5.0189
5.0189
5.0189
5.0189
5.0189
5.0189
5.0189
5.0189
5.0189
3.3928
3.3928
3.3928
3.3928
3.3928
3.3928
3.3928
3.3928
3.3928
3.3928
3.3928
3.3928
3.3928
3.3928
3.3928
3.3928
3.3928
3.3928
3.3928
3.3928
0.7688
0.7228
0.6855
0.6725
0.6699
0.6379
0.6312
0.6338
0.5882
0.6018
1.2322
1.2732
1.2922
1.3365
1.2866
1.3166
1.4021
1.3495
1.3105
1.3887
1.3729
1.491
1.4351
1.4956
1.4761
1.4752
1.5392
1.5923
1.5513
1.5737
2.2232
2.4636
2.2877
2.2863
2.458
2.3734
2.278
2.1366
2.1177
2.0186
0.3111
0.3187
0.3057
0.3355
0.345
0.3775
0.3758
0.3499
0.3035
0.3257
0.3105
0.3276
0.3662
0.3341
0.3111
0.2437
0.2773
0.2666
0.3005
0.3325
11635
10449.7
9856.99
9606.06
8960.26
8175.8
7608.1
6747.98
6900.5
9214.2
7884.8
6862.2
6681.94
6357.64
6033.32
5630.26
5078.1
4638.98
4417.92
5763.5
5470.06
4859.63
4178.6
4045.41
3646.37
3273.44
3232.24
4945.42
4603.09
4061.1
3941.1
3242.85
3035.72
2702.65
5120.65
4497.21
3800.48
3338.97
3211.42
2724.3
2724.3
1.04585
0.768784
0.722921
0.68552
0.672342
0.669883
0.638098
0.631208
0.633844
0.588296
0.60184
1.23217
1.27343
1.29239
1.3364
1.28678
1.31664
1.40218
1.34955
1.31064
1.38892
0.842146
0.904784
0.870358
0.915543
0.910533
0.926306
0.957507
0.971057
0.92736
0.949582
1.26682
1.39561
1.32682
1.31037
1.38461
1.30849
1.27758
1.20165
1.20917
1.17568
11635.9
0.9998
0.6632
0.6255
0.5945
0.5837
0.5816
0.5551
0.5493
0.5518
0.5133
0.5249
1.0325
1.0645
1.079
1.1131
1.0751
1.098
1.1629
1.1229
1.0932
1.153
1.4107
1.5058
1.4531
1.5232
1.5168
1.5429
1.5893
1.607
1.5378
1.5729
2.0216
2.1975
2.1116
2.0845
2.1804
2.0672
2.0312
1.9257
1.9409
1.899
0.6632
0.6255
0.5945
0.5837
0.5816
0.5551
0.5493
0.5518
0.5133
0.5249
1.0325
1.0645
1.079
1.1131
1.0751
1.098
1.1629
1.1229
1.0932
1.153
1.4107
1.5058
1.4531
1.5232
1.5168
1.5429
1.5893
1.607
1.5378
1.5729
2.0216
2.1975
2.1116
2.0845
2.1804
2.0672
2.0312
1.9257
1.9409
1.899
