1  8.0961e-01
2  9.0242e-01
3  9.6577e-01
4  9.9804e-01
5  1.0000e+00
6  9.8354e-01
7  9.5227e-01
8  9.1404e-01
9  8.7676e-01
10  8.4388e-01
11  8.1596e-01
12  7.5369e-01
13  7.0367e-01
14  6.5380e-01
15  6.0328e-01
16  5.6268e-01
17  5.2960e-01
18  5.0385e-01
19  4.8006e-01
20  4.6236e-01
21  4.4656e-01
22  4.1995e-01
23  3.8978e-01
24  3.6474e-01
25  3.3506e-01
26  3.1262e-01
27  2.9211e-01
28  2.7834e-01
29  2.6643e-01
30  2.4669e-01
31  2.3030e-01
32  2.0857e-01
33  1.9479e-01
34  1.8470e-01
35  1.7744e-01
36  1.7471e-01
37  1.7534e-01
38  1.7749e-01
39  1.7914e-01
40  1.7674e-01
1  9.1783e-01
2  9.7016e-01
3  9.9737e-01
4  1.0000e+00
5  9.7908e-01
6  9.4609e-01
7  9.0637e-01
8  8.6304e-01
9  8.1228e-01
10  7.6657e-01
11  7.2575e-01
12  6.5823e-01
13  5.9829e-01
14  5.4896e-01
15  5.0831e-01
16  4.7633e-01
17  4.5229e-01
18  4.3232e-01
19  4.1362e-01
20  3.9955e-01
21  3.8703e-01
22  3.6351e-01
23  3.3865e-01
24  3.1059e-01
25  2.8758e-01
26  2.6824e-01
27  2.5418e-01
28  2.4288e-01
29  2.2968e-01
30  2.1142e-01
31  1.9608e-01
32  1.7616e-01
33  1.6271e-01
34  1.5215e-01
35  1.4416e-01
36  1.3745e-01
37  1.3651e-01
38  1.3662e-01
39  1.3465e-01
40  1.3179e-01
1  8.3370e-01
2  9.1650e-01
3  9.7125e-01
4  9.9752e-01
5  1.0000e+00
6  9.7869e-01
7  9.4533e-01
8  9.0672e-01
9  8.6760e-01
10  8.3168e-01
11  8.0422e-01
12  7.3098e-01
13  6.7964e-01
14  6.4133e-01
15  6.0195e-01
16  5.6685e-01
17  5.4387e-01
18  5.2454e-01
19  5.1295e-01
20  4.9922e-01
21  4.8650e-01
22  4.6089e-01
23  4.3019e-01
24  3.9446e-01
25  3.6291e-01
26  3.3640e-01
27  3.1806e-01
28  3.0887e-01
29  2.9583e-01
30  2.8143e-01
31  2.6411e-01
32  2.3884e-01
33  2.2507e-01
34  2.1581e-01
35  2.1046e-01
36  2.0375e-01
37  2.0337e-01
38  2.0495e-01
39  2.0231e-01
40  1.9582e-01
1  8.6132e-01
2  9.4181e-01
3  9.8550e-01
4  1.0000e+00
5  9.8605e-01
6  9.5229e-01
7  9.1218e-01
8  8.6736e-01
9  8.2017e-01
10  7.7871e-01
11  7.4985e-01
12  6.8800e-01
13  6.3924e-01
14  5.9668e-01
15  5.6408e-01
16  5.4503e-01
17  5.2709e-01
18  5.1276e-01
19  5.0002e-01
20  4.8494e-01
21  4.7609e-01
22  4.5437e-01
23  4.2121e-01
24  3.9033e-01
25  3.6305e-01
26  3.3884e-01
27  3.2187e-01
28  3.0979e-01
29  2.9450e-01
30  2.7412e-01
31  2.5434e-01
32  2.3036e-01
33  2.1455e-01
34  2.0225e-01
35  1.9426e-01
36  1.8650e-01
37  1.8039e-01
38  1.7969e-01
39  1.7794e-01
40  1.7869e-01
1  8.3992e-01
2  9.2135e-01
3  9.7488e-01
4  1.0000e+00
5  9.9928e-01
6  9.8362e-01
7  9.5437e-01
8  9.1999e-01
9  8.8087e-01
10  8.4337e-01
11  8.1458e-01
12  7.4926e-01
13  6.9075e-01
14  6.4623e-01
15  6.1339e-01
16  5.8699e-01
17  5.6676e-01
18  5.5186e-01
19  5.3556e-01
20  5.2356e-01
21  5.1495e-01
22  4.8997e-01
23  4.6030e-01
24  4.3036e-01
25  3.9741e-01
26  3.7648e-01
27  3.5266e-01
28  3.4284e-01
29  3.2244e-01
30  2.9569e-01
31  2.7426e-01
32  2.4754e-01
33  2.2764e-01
34  2.1593e-01
35  2.0210e-01
36  1.9592e-01
37  1.9427e-01
38  1.9543e-01
39  1.9068e-01
40  1.8764e-01
1  8.6276e-01
2  9.3953e-01
3  9.8891e-01
4  1.0000e+00
5  9.8716e-01
6  9.5831e-01
7  9.1666e-01
8  8.8131e-01
9  8.3795e-01
10  7.9449e-01
11  7.6095e-01
12  6.9427e-01
13  6.3745e-01
14  5.8871e-01
15  5.5015e-01
16  5.2602e-01
17  5.0458e-01
18  4.8368e-01
19  4.6495e-01
20  4.4784e-01
21  4.2973e-01
22  4.0327e-01
23  3.7225e-01
24  3.4595e-01
25  3.1988e-01
26  3.0033e-01
27  2.8753e-01
28  2.7716e-01
29  2.6245e-01
30  2.4445e-01
31  2.2606e-01
32  2.0651e-01
33  1.9269e-01
34  1.8172e-01
35  1.7606e-01
36  1.7265e-01
37  1.7010e-01
38  1.6988e-01
39  1.6585e-01
40  1.6279e-01
1  8.5452e-01
2  9.3598e-01
3  9.8577e-01
4  1.0000e+00
5  9.8582e-01
6  9.5343e-01
7  9.0762e-01
8  8.5611e-01
9  8.0675e-01
10  7.5937e-01
11  7.2108e-01
12  6.5718e-01
13  6.0004e-01
14  5.5282e-01
15  5.2148e-01
16  4.9745e-01
17  4.7735e-01
18  4.6388e-01
19  4.4895e-01
20  4.3340e-01
21  4.2307e-01
22  4.0095e-01
23  3.7220e-01
24  3.4208e-01
25  3.1584e-01
26  2.9533e-01
27  2.8212e-01
28  2.7171e-01
29  2.5951e-01
30  2.4271e-01
31  2.2590e-01
32  2.0641e-01
33  1.9527e-01
34  1.8926e-01
35  1.8534e-01
36  1.8124e-01
37  1.7883e-01
38  1.7911e-01
39  1.7528e-01
40  1.7023e-01
1  8.4650e-01
2  9.3256e-01
3  9.8371e-01
4  1.0000e+00
5  9.8549e-01
6  9.5626e-01
7  9.2098e-01
8  8.8105e-01
9  8.3911e-01
10  7.9799e-01
11  7.6300e-01
12  6.9270e-01
13  6.2693e-01
14  5.8311e-01
15  5.4850e-01
16  5.1972e-01
17  5.0177e-01
18  4.9260e-01
19  4.8394e-01
20  4.7670e-01
21  4.6877e-01
22  4.4480e-01
23  4.1999e-01
24  3.9193e-01
25  3.6640e-01
26  3.4474e-01
27  3.3042e-01
28  3.1983e-01
29  3.0594e-01
30  2.8514e-01
31  2.6956e-01
32  2.4624e-01
33  2.3224e-01
34  2.2139e-01
35  2.1497e-01
36  2.1306e-01
37  2.1220e-01
38  2.1330e-01
39  2.0919e-01
40  2.0484e-01
1  8.6362e-01
2  9.3883e-01
3  9.8245e-01
4  1.0000e+00
5  9.8976e-01
6  9.6331e-01
7  9.2848e-01
8  8.8710e-01
9  8.3977e-01
10  7.9629e-01
11  7.5999e-01
12  6.9176e-01
13  6.2770e-01
14  5.7309e-01
15  5.3044e-01
16  5.0004e-01
17  4.7987e-01
18  4.5848e-01
19  4.4637e-01
20  4.3265e-01
21  4.2211e-01
22  4.0086e-01
23  3.7440e-01
24  3.4966e-01
25  3.2382e-01
26  3.0422e-01
27  2.8727e-01
28  2.7484e-01
29  2.5896e-01
30  2.4018e-01
31  2.2266e-01
32  1.9964e-01
33  1.8303e-01
34  1.7007e-01
35  1.5939e-01
36  1.5283e-01
37  1.4842e-01
38  1.4632e-01
39  1.4226e-01
40  1.3827e-01
1  8.8492e-01
2  9.6108e-01
3  1.0000e+00
4  9.9974e-01
5  9.7568e-01
6  9.3456e-01
7  8.8861e-01
8  8.3886e-01
9  7.9513e-01
10  7.5260e-01
11  7.1980e-01
12  6.5963e-01
13  6.0027e-01
14  5.5694e-01
15  5.2057e-01
16  4.9294e-01
17  4.7448e-01
18  4.5808e-01
19  4.4329e-01
20  4.3188e-01
21  4.2369e-01
22  4.0224e-01
23  3.7261e-01
24  3.4657e-01
25  3.2193e-01
26  3.0411e-01
27  2.9095e-01
28  2.8127e-01
29  2.6786e-01
30  2.5129e-01
31  2.3455e-01
32  2.1591e-01
33  2.0383e-01
34  1.9466e-01
35  1.8730e-01
36  1.8252e-01
37  1.7887e-01
38  1.7700e-01
39  1.7286e-01
40  1.6921e-01
1  8.7587e-01
2  9.4662e-01
3  9.8868e-01
4  1.0000e+00
5  9.8576e-01
6  9.6109e-01
7  9.2733e-01
8  8.9074e-01
9  8.5557e-01
10  8.1599e-01
11  7.8539e-01
12  7.1911e-01
13  6.6369e-01
14  6.2222e-01
15  5.9241e-01
16  5.6127e-01
17  5.4293e-01
18  5.1971e-01
19  4.9972e-01
20  4.8216e-01
21  4.6453e-01
22  4.3361e-01
23  3.9626e-01
24  3.6456e-01
25  3.3604e-01
26  3.1225e-01
27  2.9264e-01
28  2.8093e-01
29  2.6489e-01
30  2.4871e-01
31  2.3557e-01
32  2.1997e-01
33  2.0934e-01
34  2.0433e-01
35  1.9769e-01
36  1.9376e-01
37  1.9151e-01
38  1.9135e-01
39  1.8774e-01
40  1.8658e-01
1  8.6161e-01
2  9.4031e-01
3  9.8651e-01
4  1.0000e+00
5  9.8529e-01
6  9.4959e-01
7  9.0268e-01
8  8.5082e-01
9  8.0126e-01
10  7.5597e-01
11  7.2084e-01
12  6.5874e-01
13  6.1219e-01
14  5.7012e-01
15  5.3930e-01
16  5.1494e-01
17  4.9992e-01
18  4.8848e-01
19  4.7907e-01
20  4.7087e-01
21  4.6351e-01
22  4.4048e-01
23  4.1440e-01
24  3.8543e-01
25  3.6203e-01
26  3.4448e-01
27  3.3156e-01
28  3.1832e-01
29  3.0300e-01
30  2.8172e-01
31  2.6143e-01
32  2.3870e-01
33  2.2501e-01
34  2.1528e-01
35  2.0803e-01
36  2.0582e-01
37  2.0606e-01
38  2.0855e-01
39  2.0848e-01
40  2.0695e-01
1  8.6496e-01
2  9.3599e-01
3  9.7936e-01
4  1.0000e+00
5  9.9324e-01
6  9.6919e-01
7  9.2918e-01
8  8.9466e-01
9  8.5553e-01
10  8.1296e-01
11  7.7987e-01
12  7.1474e-01
13  6.5588e-01
14  6.1325e-01
15  5.8414e-01
16  5.6213e-01
17  5.4199e-01
18  5.2399e-01
19  5.1010e-01
20  4.9407e-01
21  4.7831e-01
22  4.5138e-01
23  4.1492e-01
24  3.8163e-01
25  3.5104e-01
26  3.2802e-01
27  3.1269e-01
28  3.0264e-01
29  2.8706e-01
30  2.6584e-01
31  2.4925e-01
32  2.2906e-01
33  2.1432e-01
34  2.0401e-01
35  1.9325e-01
36  1.8741e-01
37  1.8623e-01
38  1.8696e-01
39  1.8561e-01
40  1.8395e-01
1  8.6337e-01
2  9.4273e-01
3  9.8645e-01
4  1.0000e+00
5  9.8493e-01
6  9.5202e-01
7  9.0793e-01
8  8.7067e-01
9  8.2834e-01
10  7.8954e-01
11  7.5971e-01
12  6.9029e-01
13  6.3721e-01
14  5.9174e-01
15  5.6075e-01
16  5.3666e-01
17  5.2406e-01
18  5.1329e-01
19  4.9760e-01
20  4.8579e-01
21  4.7073e-01
22  4.4143e-01
23  4.0536e-01
24  3.7181e-01
25  3.4344e-01
26  3.1736e-01
27  3.0099e-01
28  2.9077e-01
29  2.8000e-01
30  2.6406e-01
31  2.4966e-01
32  2.2835e-01
33  2.1349e-01
34  2.0166e-01
35  1.9444e-01
36  1.8843e-01
37  1.8641e-01
38  1.8346e-01
39  1.8065e-01
40  1.7576e-01
1  8.6309e-01
2  9.3896e-01
3  9.8624e-01
4  1.0000e+00
5  9.8967e-01
6  9.6453e-01
7  9.2589e-01
8  8.7737e-01
9  8.2996e-01
10  7.8387e-01
11  7.4461e-01
12  6.6501e-01
13  6.0904e-01
14  5.6697e-01
15  5.3274e-01
16  5.1373e-01
17  4.9751e-01
18  4.8074e-01
19  4.6429e-01
20  4.5446e-01
21  4.4432e-01
22  4.1811e-01
23  3.8718e-01
24  3.5930e-01
25  3.3301e-01
26  3.1036e-01
27  2.9778e-01
28  2.9054e-01
29  2.7581e-01
30  2.5634e-01
31  2.4483e-01
32  2.2770e-01
33  2.1520e-01
34  2.0863e-01
35  2.0222e-01
36  2.0022e-01
37  1.9664e-01
38  1.9361e-01
39  1.8794e-01
40  1.8094e-01
1  9.1298e-01
2  9.7321e-01
3  1.0000e+00
4  9.9555e-01
5  9.6787e-01
6  9.2388e-01
7  8.7388e-01
8  8.2380e-01
9  7.7099e-01
10  7.2593e-01
11  6.9296e-01
12  6.3194e-01
13  5.8281e-01
14  5.3694e-01
15  5.0426e-01
16  4.8069e-01
17  4.6486e-01
18  4.5229e-01
19  4.3475e-01
20  4.1919e-01
21  4.0498e-01
22  3.8076e-01
23  3.4912e-01
24  3.1866e-01
25  2.9353e-01
26  2.7247e-01
27  2.5613e-01
28  2.4243e-01
29  2.2766e-01
30  2.0946e-01
31  1.9441e-01
32  1.7586e-01
33  1.6267e-01
34  1.5576e-01
35  1.5050e-01
36  1.4666e-01
37  1.4356e-01
38  1.3909e-01
39  1.3449e-01
40  1.2865e-01
1  8.8011e-01
2  9.4741e-01
3  9.8371e-01
4  1.0000e+00
5  9.9075e-01
6  9.6445e-01
7  9.2610e-01
8  8.7441e-01
9  8.2525e-01
10  7.8397e-01
11  7.4050e-01
12  6.7607e-01
13  6.2160e-01
14  5.7956e-01
15  5.4439e-01
16  5.1710e-01
17  4.9682e-01
18  4.8008e-01
19  4.6633e-01
20  4.5198e-01
21  4.3638e-01
22  4.0804e-01
23  3.7272e-01
24  3.3739e-01
25  3.0857e-01
26  2.8917e-01
27  2.7599e-01
28  2.6796e-01
29  2.5401e-01
30  2.3915e-01
31  2.2636e-01
32  2.0820e-01
33  1.9618e-01
34  1.8767e-01
35  1.7968e-01
36  1.7554e-01
37  1.7165e-01
38  1.6974e-01
39  1.6694e-01
40  1.6582e-01
1  8.6441e-01
2  9.4382e-01
3  9.8889e-01
4  1.0000e+00
5  9.8981e-01
6  9.5575e-01
7  9.0684e-01
8  8.6097e-01
9  8.1196e-01
10  7.6735e-01
11  7.3747e-01
12  6.7959e-01
13  6.3503e-01
14  5.9679e-01
15  5.6755e-01
16  5.4444e-01
17  5.2729e-01
18  5.1413e-01
19  4.9967e-01
20  4.8518e-01
21  4.7808e-01
22  4.5565e-01
23  4.3081e-01
24  4.0415e-01
25  3.8053e-01
26  3.6400e-01
27  3.5089e-01
28  3.4332e-01
29  3.2858e-01
30  3.1116e-01
31  2.9162e-01
32  2.6516e-01
33  2.4589e-01
34  2.3281e-01
35  2.2146e-01
36  2.1131e-01
37  2.0390e-01
38  1.9971e-01
39  1.9671e-01
40  1.9085e-01
1  8.7976e-01
2  9.4900e-01
3  9.8392e-01
4  1.0000e+00
5  9.9059e-01
6  9.6386e-01
7  9.1557e-01
8  8.7072e-01
9  8.2213e-01
10  7.8637e-01
11  7.5613e-01
12  6.9491e-01
13  6.4324e-01
14  6.0883e-01
15  5.7806e-01
16  5.6251e-01
17  5.4767e-01
18  5.3336e-01
19  5.1556e-01
20  4.9973e-01
21  4.8176e-01
22  4.5251e-01
23  4.1756e-01
24  3.8569e-01
25  3.5540e-01
26  3.3354e-01
27  3.1684e-01
28  3.0011e-01
29  2.8419e-01
30  2.6332e-01
31  2.4468e-01
32  2.2427e-01
33  2.0965e-01
34  2.0240e-01
35  1.9661e-01
36  1.9262e-01
37  1.9133e-01
38  1.9268e-01
39  1.8906e-01
40  1.8415e-01
1  8.9001e-01
2  9.5927e-01
3  9.9674e-01
4  1.0000e+00
5  9.7798e-01
6  9.4483e-01
7  8.9994e-01
8  8.4623e-01
9  7.9672e-01
10  7.5458e-01
11  7.1798e-01
12  6.5760e-01
13  5.9858e-01
14  5.6193e-01
15  5.2868e-01
16  5.0221e-01
17  4.8413e-01
18  4.7038e-01
19  4.5627e-01
20  4.4449e-01
21  4.3239e-01
22  4.0584e-01
23  3.7617e-01
24  3.4100e-01
25  3.1125e-01
26  2.8677e-01
27  2.6773e-01
28  2.5569e-01
29  2.4195e-01
30  2.2454e-01
31  2.0958e-01
32  1.9154e-01
33  1.8076e-01
34  1.7504e-01
35  1.6834e-01
36  1.6221e-01
37  1.5777e-01
38  1.5390e-01
39  1.4824e-01
40  1.4336e-01
1  8.8278e-01
2  9.4961e-01
3  9.8957e-01
4  1.0000e+00
5  9.8793e-01
6  9.6032e-01
7  9.2135e-01
8  8.8111e-01
9  8.4214e-01
10  8.0537e-01
11  7.7504e-01
12  7.1214e-01
13  6.5173e-01
14  6.0258e-01
15  5.6065e-01
16  5.3716e-01
17  5.1322e-01
18  4.9739e-01
19  4.8072e-01
20  4.6761e-01
21  4.6202e-01
22  4.3642e-01
23  4.1128e-01
24  3.8193e-01
25  3.5356e-01
26  3.2897e-01
27  3.1135e-01
28  2.9691e-01
29  2.8125e-01
30  2.6155e-01
31  2.4563e-01
32  2.2449e-01
33  2.1162e-01
34  2.0035e-01
35  1.8941e-01
36  1.8090e-01
37  1.7565e-01
38  1.7307e-01
39  1.6587e-01
40  1.5615e-01
1  8.4717e-01
2  9.3486e-01
3  9.8719e-01
4  1.0000e+00
5  9.9012e-01
6  9.5971e-01
7  9.1671e-01
8  8.6880e-01
9  8.2590e-01
10  7.8672e-01
11  7.5704e-01
12  6.9533e-01
13  6.4677e-01
14  6.1105e-01
15  5.7849e-01
16  5.5399e-01
17  5.3543e-01
18  5.2145e-01
19  5.0556e-01
20  4.8627e-01
21  4.6869e-01
22  4.3812e-01
23  4.0495e-01
24  3.7085e-01
25  3.3827e-01
26  3.1636e-01
27  3.0222e-01
28  2.9248e-01
29  2.8069e-01
30  2.6400e-01
31  2.4825e-01
32  2.2826e-01
33  2.1220e-01
34  2.0253e-01
35  1.9120e-01
36  1.8600e-01
37  1.8416e-01
38  1.8449e-01
39  1.8218e-01
40  1.7901e-01
1  8.7676e-01
2  9.4926e-01
3  9.9041e-01
4  1.0000e+00
5  9.9165e-01
6  9.6561e-01
7  9.2881e-01
8  8.8662e-01
9  8.4379e-01
10  7.9629e-01
11  7.5783e-01
12  6.8793e-01
13  6.2849e-01
14  5.8123e-01
15  5.4516e-01
16  5.2366e-01
17  5.0465e-01
18  4.8939e-01
19  4.7814e-01
20  4.6468e-01
21  4.4958e-01
22  4.2491e-01
23  3.9774e-01
24  3.7100e-01
25  3.4469e-01
26  3.2619e-01
27  3.1258e-01
28  2.9888e-01
29  2.8237e-01
30  2.6280e-01
31  2.4453e-01
32  2.2389e-01
33  2.0793e-01
34  1.9514e-01
35  1.8681e-01
36  1.8036e-01
37  1.7721e-01
38  1.7684e-01
39  1.7509e-01
40  1.7288e-01
1  8.5150e-01
2  9.3307e-01
3  9.8291e-01
4  1.0000e+00
5  9.8708e-01
6  9.5827e-01
7  9.2046e-01
8  8.7191e-01
9  8.2757e-01
10  7.8132e-01
11  7.4749e-01
12  6.9157e-01
13  6.4073e-01
14  5.9856e-01
15  5.6783e-01
16  5.4719e-01
17  5.2976e-01
18  5.1696e-01
19  5.0779e-01
20  4.9574e-01
21  4.8481e-01
22  4.6064e-01
23  4.3030e-01
24  3.9657e-01
25  3.6355e-01
26  3.3658e-01
27  3.1628e-01
28  3.0329e-01
29  2.8868e-01
30  2.6991e-01
31  2.5284e-01
32  2.3050e-01
33  2.1637e-01
34  2.0518e-01
35  1.9709e-01
36  1.9170e-01
37  1.8747e-01
38  1.8654e-01
39  1.8039e-01
40  1.7596e-01
1  8.7127e-01
2  9.4898e-01
3  9.9078e-01
4  1.0000e+00
5  9.8808e-01
6  9.5848e-01
7  9.1892e-01
8  8.7287e-01
9  8.2824e-01
10  7.8914e-01
11  7.5476e-01
12  6.9198e-01
13  6.3927e-01
14  5.9435e-01
15  5.6226e-01
16  5.3879e-01
17  5.2377e-01
18  5.0938e-01
19  4.9246e-01
20  4.8250e-01
21  4.7467e-01
22  4.5304e-01
23  4.1844e-01
24  3.8970e-01
25  3.6556e-01
26  3.4476e-01
27  3.2651e-01
28  3.1417e-01
29  2.9874e-01
30  2.7969e-01
31  2.6300e-01
32  2.4142e-01
33  2.2581e-01
34  2.1500e-01
35  2.0370e-01
36  1.9256e-01
37  1.8807e-01
38  1.8854e-01
39  1.8527e-01
40  1.7990e-01
1  8.7769e-01
2  9.4750e-01
3  9.8783e-01
4  1.0000e+00
5  9.9022e-01
6  9.6288e-01
7  9.2302e-01
8  8.7756e-01
9  8.3080e-01
10  7.8708e-01
11  7.4765e-01
12  6.8014e-01
13  6.1768e-01
14  5.7237e-01
15  5.3104e-01
16  5.0237e-01
17  4.7917e-01
18  4.6823e-01
19  4.5642e-01
20  4.4836e-01
21  4.3805e-01
22  4.1745e-01
23  3.8969e-01
24  3.6147e-01
25  3.3462e-01
26  3.1282e-01
27  2.9353e-01
28  2.7911e-01
29  2.5948e-01
30  2.3661e-01
31  2.2004e-01
32  1.9976e-01
33  1.8646e-01
34  1.7673e-01
35  1.6939e-01
36  1.6331e-01
37  1.6140e-01
38  1.5967e-01
39  1.5613e-01
40  1.5263e-01
1  8.8630e-01
2  9.5494e-01
3  9.9233e-01
4  1.0000e+00
5  9.8614e-01
6  9.6374e-01
7  9.2784e-01
8  8.8731e-01
9  8.5250e-01
10  8.1623e-01
11  7.8552e-01
12  7.2632e-01
13  6.7536e-01
14  6.3073e-01
15  5.9519e-01
16  5.7538e-01
17  5.5487e-01
18  5.3908e-01
19  5.2285e-01
20  5.0946e-01
21  4.9809e-01
22  4.7132e-01
23  4.3781e-01
24  3.9900e-01
25  3.6476e-01
26  3.3671e-01
27  3.1543e-01
28  3.0361e-01
29  2.8406e-01
30  2.5967e-01
31  2.4019e-01
32  2.1551e-01
33  1.9872e-01
34  1.8492e-01
35  1.7436e-01
36  1.6585e-01
37  1.6156e-01
38  1.5693e-01
39  1.5092e-01
40  1.4165e-01
1  8.6369e-01
2  9.3750e-01
3  9.8514e-01
4  1.0000e+00
5  9.9374e-01
6  9.6534e-01
7  9.2883e-01
8  8.8087e-01
9  8.3332e-01
10  7.9056e-01
11  7.5225e-01
12  6.7959e-01
13  6.2316e-01
14  5.8294e-01
15  5.5278e-01
16  5.3105e-01
17  5.1405e-01
18  4.9394e-01
19  4.8264e-01
20  4.6898e-01
21  4.5904e-01
22  4.3181e-01
23  4.0145e-01
24  3.7005e-01
25  3.4118e-01
26  3.1688e-01
27  3.0066e-01
28  2.9065e-01
29  2.7805e-01
30  2.5859e-01
31  2.4565e-01
32  2.2627e-01
33  2.1696e-01
34  2.0845e-01
35  2.0079e-01
36  1.9408e-01
37  1.9100e-01
38  1.8669e-01
39  1.8124e-01
40  1.7606e-01
1  8.8716e-01
2  9.5272e-01
3  9.9142e-01
4  1.0000e+00
5  9.8155e-01
6  9.4658e-01
7  9.0460e-01
8  8.5708e-01
9  8.0838e-01
10  7.6418e-01
11  7.2252e-01
12  6.5872e-01
13  6.0804e-01
14  5.6391e-01
15  5.3173e-01
16  5.0902e-01
17  4.9253e-01
18  4.8387e-01
19  4.6909e-01
20  4.5442e-01
21  4.4293e-01
22  4.1834e-01
23  3.8919e-01
24  3.6076e-01
25  3.3322e-01
26  3.1018e-01
27  2.9701e-01
28  2.8569e-01
29  2.7187e-01
30  2.5115e-01
31  2.3337e-01
32  2.1208e-01
33  1.9491e-01
34  1.8422e-01
35  1.7204e-01
36  1.6576e-01
37  1.6163e-01
38  1.5933e-01
39  1.5565e-01
40  1.4835e-01
1  8.5213e-01
2  9.3421e-01
3  9.8444e-01
4  1.0000e+00
5  9.8476e-01
6  9.5604e-01
7  9.1433e-01
8  8.6680e-01
9  8.1716e-01
10  7.7361e-01
11  7.3932e-01
12  6.7302e-01
13  6.1480e-01
14  5.6661e-01
15  5.3154e-01
16  5.0733e-01
17  4.8434e-01
18  4.7403e-01
19  4.6399e-01
20  4.5633e-01
21  4.5082e-01
22  4.3139e-01
23  4.0410e-01
24  3.7511e-01
25  3.4485e-01
26  3.2350e-01
27  3.0632e-01
28  2.9524e-01
29  2.8267e-01
30  2.6431e-01
31  2.4803e-01
32  2.2915e-01
33  2.2089e-01
34  2.1246e-01
35  2.0637e-01
36  2.0203e-01
37  2.0088e-01
38  2.0036e-01
39  1.9828e-01
40  1.9778e-01
1  8.9272e-01
2  9.6029e-01
3  9.9664e-01
4  1.0000e+00
5  9.8011e-01
6  9.3969e-01
7  8.9038e-01
8  8.4418e-01
9  8.0578e-01
10  7.7184e-01
11  7.4226e-01
12  6.8476e-01
13  6.3577e-01
14  5.9306e-01
15  5.6087e-01
16  5.3603e-01
17  5.2160e-01
18  5.0941e-01
19  4.9674e-01
20  4.8493e-01
21  4.7139e-01
22  4.4603e-01
23  4.1379e-01
24  3.8150e-01
25  3.5314e-01
26  3.3225e-01
27  3.1683e-01
28  3.0538e-01
29  2.9330e-01
30  2.7558e-01
31  2.5866e-01
32  2.3641e-01
33  2.2094e-01
34  2.0866e-01
35  1.9955e-01
36  1.8994e-01
37  1.8620e-01
38  1.8197e-01
39  1.7657e-01
40  1.7276e-01
1  8.5321e-01
2  9.3522e-01
3  9.8294e-01
4  1.0000e+00
5  9.9299e-01
6  9.7121e-01
7  9.3268e-01
8  8.8872e-01
9  8.4696e-01
10  8.0863e-01
11  7.7542e-01
12  7.0669e-01
13  6.5863e-01
14  6.1673e-01
15  5.8046e-01
16  5.4865e-01
17  5.2244e-01
18  4.9830e-01
19  4.7824e-01
20  4.6579e-01
21  4.5119e-01
22  4.2656e-01
23  3.9608e-01
24  3.6414e-01
25  3.3539e-01
26  3.1703e-01
27  3.0579e-01
28  2.9674e-01
29  2.8515e-01
30  2.6695e-01
31  2.5032e-01
32  2.3107e-01
33  2.1644e-01
34  2.0573e-01
35  1.9833e-01
36  1.8999e-01
37  1.8461e-01
38  1.8290e-01
39  1.7767e-01
40  1.7376e-01
1  8.7666e-01
2  9.5012e-01
3  9.9049e-01
4  1.0000e+00
5  9.8665e-01
6  9.5161e-01
7  9.0269e-01
8  8.5571e-01
9  8.0600e-01
10  7.6597e-01
11  7.2868e-01
12  6.6098e-01
13  6.1315e-01
14  5.7256e-01
15  5.3830e-01
16  5.1240e-01
17  4.9056e-01
18  4.7097e-01
19  4.5663e-01
20  4.4727e-01
21  4.3899e-01
22  4.1837e-01
23  3.8833e-01
24  3.5900e-01
25  3.2967e-01
26  3.1268e-01
27  2.9735e-01
28  2.8928e-01
29  2.7227e-01
30  2.5048e-01
31  2.3375e-01
32  2.1178e-01
33  1.9625e-01
34  1.8289e-01
35  1.7124e-01
36  1.6349e-01
37  1.5892e-01
38  1.6022e-01
39  1.6004e-01
40  1.6099e-01
1  8.4266e-01
2  9.2981e-01
3  9.8507e-01
4  1.0000e+00
5  9.8844e-01
6  9.5749e-01
7  9.2497e-01
8  8.8328e-01
9  8.3949e-01
10  8.0307e-01
11  7.7449e-01
12  7.1014e-01
13  6.5398e-01
14  6.1273e-01
15  5.8585e-01
16  5.5944e-01
17  5.3816e-01
18  5.2122e-01
19  5.0643e-01
20  4.9754e-01
21  4.8698e-01
22  4.6615e-01
23  4.3604e-01
24  4.0695e-01
25  3.7519e-01
26  3.5316e-01
27  3.3620e-01
28  3.2337e-01
29  3.0785e-01
30  2.8664e-01
31  2.7297e-01
32  2.5187e-01
33  2.3743e-01
34  2.2878e-01
35  2.2001e-01
36  2.1195e-01
37  2.1001e-01
38  2.0797e-01
39  2.0414e-01
40  2.0180e-01
1  8.4824e-01
2  9.3370e-01
3  9.8198e-01
4  1.0000e+00
5  9.8170e-01
6  9.4759e-01
7  9.0095e-01
8  8.5175e-01
9  8.1200e-01
10  7.7504e-01
11  7.4479e-01
12  6.7572e-01
13  6.2259e-01
14  5.7614e-01
15  5.4110e-01
16  5.1566e-01
17  4.8963e-01
18  4.7304e-01
19  4.5920e-01
20  4.4608e-01
21  4.3474e-01
22  4.1345e-01
23  3.8510e-01
24  3.5937e-01
25  3.3561e-01
26  3.1803e-01
27  3.0381e-01
28  2.9143e-01
29  2.7620e-01
30  2.5868e-01
31  2.4038e-01
32  2.1983e-01
33  2.0636e-01
34  1.9563e-01
35  1.8807e-01
36  1.8182e-01
37  1.7703e-01
38  1.7491e-01
39  1.7056e-01
40  1.6709e-01
1  8.8483e-01
2  9.5509e-01
3  9.9065e-01
4  1.0000e+00
5  9.8271e-01
6  9.4829e-01
7  9.0238e-01
8  8.5587e-01
9  8.0671e-01
10  7.6170e-01
11  7.2262e-01
12  6.5546e-01
13  6.0022e-01
14  5.5710e-01
15  5.2089e-01
16  4.9431e-01
17  4.7254e-01
18  4.5808e-01
19  4.4114e-01
20  4.3079e-01
21  4.2393e-01
22  4.0318e-01
23  3.7503e-01
24  3.4930e-01
25  3.2470e-01
26  3.0262e-01
27  2.8816e-01
28  2.7534e-01
29  2.5807e-01
30  2.4060e-01
31  2.2654e-01
32  2.0677e-01
33  1.9546e-01
34  1.8631e-01
35  1.7796e-01
36  1.7274e-01
37  1.6912e-01
38  1.6669e-01
39  1.6403e-01
40  1.5889e-01
1  8.8155e-01
2  9.5215e-01
3  9.9371e-01
4  1.0000e+00
5  9.8265e-01
6  9.4548e-01
7  9.0364e-01
8  8.6835e-01
9  8.3472e-01
10  8.0652e-01
11  7.8273e-01
12  7.2016e-01
13  6.6406e-01
14  6.2824e-01
15  5.9257e-01
16  5.7044e-01
17  5.4487e-01
18  5.2244e-01
19  5.0965e-01
20  4.8709e-01
21  4.7693e-01
22  4.5215e-01
23  4.2228e-01
24  3.9307e-01
25  3.6581e-01
26  3.4208e-01
27  3.2772e-01
28  3.1941e-01
29  3.0538e-01
30  2.8691e-01
31  2.6786e-01
32  2.3749e-01
33  2.2128e-01
34  2.0874e-01
35  2.0204e-01
36  1.9549e-01
37  1.9343e-01
38  1.9354e-01
39  1.8989e-01
40  1.8221e-01
1  8.8835e-01
2  9.5907e-01
3  9.9545e-01
4  1.0000e+00
5  9.7733e-01
6  9.3647e-01
7  8.9019e-01
8  8.4242e-01
9  7.9825e-01
10  7.6157e-01
11  7.2916e-01
12  6.6401e-01
13  6.1391e-01
14  5.6794e-01
15  5.3886e-01
16  5.1748e-01
17  5.0592e-01
18  4.9442e-01
19  4.8519e-01
20  4.7538e-01
21  4.6493e-01
22  4.3831e-01
23  4.0549e-01
24  3.7452e-01
25  3.4392e-01
26  3.2090e-01
27  3.0623e-01
28  2.9771e-01
29  2.8242e-01
30  2.6208e-01
31  2.4690e-01
32  2.2588e-01
33  2.1175e-01
34  1.9807e-01
35  1.8617e-01
36  1.7711e-01
37  1.7268e-01
38  1.6943e-01
39  1.6586e-01
40  1.6259e-01
1  8.7321e-01
2  9.4814e-01
3  9.8788e-01
4  1.0000e+00
5  9.8659e-01
6  9.5855e-01
7  9.1850e-01
8  8.7649e-01
9  8.3216e-01
10  7.9084e-01
11  7.5580e-01
12  6.9447e-01
13  6.4325e-01
14  5.9512e-01
15  5.6294e-01
16  5.3906e-01
17  5.1949e-01
18  5.0460e-01
19  4.8612e-01
20  4.7291e-01
21  4.5749e-01
22  4.2956e-01
23  4.0209e-01
24  3.7138e-01
25  3.4260e-01
26  3.1737e-01
27  2.9925e-01
28  2.8839e-01
29  2.7096e-01
30  2.5288e-01
31  2.3589e-01
32  2.1372e-01
33  1.9854e-01
34  1.8789e-01
35  1.8198e-01
36  1.7657e-01
37  1.7290e-01
38  1.7123e-01
39  1.6927e-01
40  1.6509e-01
1  8.6536e-01
2  9.3965e-01
3  9.8475e-01
4  1.0000e+00
5  9.8741e-01
6  9.5151e-01
7  9.0576e-01
8  8.5690e-01
9  8.1447e-01
10  7.7416e-01
11  7.3865e-01
12  6.7173e-01
13  6.1801e-01
14  5.8074e-01
15  5.5027e-01
16  5.3113e-01
17  5.2018e-01
18  5.0960e-01
19  4.9661e-01
20  4.8613e-01
21  4.7476e-01
22  4.4916e-01
23  4.2038e-01
24  3.8675e-01
25  3.5727e-01
26  3.3520e-01
27  3.1890e-01
28  3.0585e-01
29  2.8897e-01
30  2.6656e-01
31  2.4625e-01
32  2.2208e-01
33  2.0463e-01
34  1.9358e-01
35  1.8653e-01
36  1.8200e-01
37  1.8420e-01
38  1.8797e-01
39  1.8796e-01
40  1.8750e-01
1  8.1693e-01
2  9.0624e-01
3  9.6976e-01
4  1.0000e+00
5  9.9922e-01
6  9.7742e-01
7  9.4133e-01
8  8.9902e-01
9  8.5611e-01
10  8.1564e-01
11  7.7778e-01
12  7.0150e-01
13  6.3960e-01
14  5.9554e-01
15  5.5748e-01
16  5.3231e-01
17  5.1646e-01
18  5.0177e-01
19  4.8822e-01
20  4.7714e-01
21  4.6780e-01
22  4.4209e-01
23  4.0715e-01
24  3.7224e-01
25  3.3732e-01
26  3.1040e-01
27  2.8800e-01
28  2.7452e-01
29  2.6025e-01
30  2.3781e-01
31  2.2050e-01
32  2.0000e-01
33  1.8904e-01
34  1.8105e-01
35  1.7634e-01
36  1.7529e-01
37  1.7181e-01
38  1.7361e-01
39  1.7196e-01
40  1.6792e-01
1  8.3109e-01
2  9.1992e-01
3  9.7769e-01
4  1.0000e+00
5  9.9421e-01
6  9.7601e-01
7  9.4265e-01
8  8.9944e-01
9  8.5366e-01
10  8.1423e-01
11  7.8190e-01
12  7.1656e-01
13  6.7329e-01
14  6.3444e-01
15  6.0260e-01
16  5.7297e-01
17  5.5169e-01
18  5.3116e-01
19  5.1223e-01
20  4.9550e-01
21  4.7811e-01
22  4.4614e-01
23  4.1230e-01
24  3.7670e-01
25  3.4164e-01
26  3.2052e-01
27  3.0518e-01
28  2.9657e-01
29  2.8209e-01
30  2.6460e-01
31  2.5014e-01
32  2.2830e-01
33  2.1225e-01
34  2.0100e-01
35  1.9208e-01
36  1.8410e-01
37  1.8228e-01
38  1.8397e-01
39  1.7912e-01
40  1.7512e-01
1  8.1600e-01
2  9.1281e-01
3  9.7558e-01
4  1.0000e+00
5  9.9237e-01
6  9.6314e-01
7  9.2237e-01
8  8.7212e-01
9  8.2027e-01
10  7.7779e-01
11  7.4254e-01
12  6.6895e-01
13  6.1596e-01
14  5.7029e-01
15  5.3355e-01
16  5.0936e-01
17  4.8746e-01
18  4.7088e-01
19  4.5734e-01
20  4.4473e-01
21  4.3301e-01
22  4.0789e-01
23  3.7767e-01
24  3.4997e-01
25  3.2296e-01
26  3.0120e-01
27  2.8695e-01
28  2.7872e-01
29  2.6770e-01
30  2.5149e-01
31  2.3737e-01
32  2.1600e-01
33  2.0381e-01
34  1.9565e-01
35  1.8816e-01
36  1.8347e-01
37  1.8268e-01
38  1.8625e-01
39  1.8801e-01
40  1.9018e-01
1  8.4768e-01
2  9.3070e-01
3  9.8352e-01
4  1.0000e+00
5  9.8867e-01
6  9.5537e-01
7  9.1100e-01
8  8.7015e-01
9  8.2963e-01
10  7.8603e-01
11  7.5331e-01
12  6.8535e-01
13  6.2816e-01
14  5.7659e-01
15  5.3732e-01
16  5.0439e-01
17  4.7693e-01
18  4.5575e-01
19  4.3697e-01
20  4.2306e-01
21  4.0845e-01
22  3.8631e-01
23  3.6023e-01
24  3.3244e-01
25  3.0655e-01
26  2.8948e-01
27  2.7497e-01
28  2.6651e-01
29  2.5526e-01
30  2.3815e-01
31  2.2330e-01
32  2.0156e-01
33  1.8801e-01
34  1.7857e-01
35  1.7156e-01
36  1.6763e-01
37  1.6652e-01
38  1.7001e-01
39  1.6967e-01
40  1.7009e-01
1  8.6854e-01
2  9.4682e-01
3  9.9032e-01
4  1.0000e+00
5  9.8200e-01
6  9.5058e-01
7  9.0879e-01
8  8.6174e-01
9  8.1108e-01
10  7.6158e-01
11  7.2120e-01
12  6.6007e-01
13  6.0723e-01
14  5.6502e-01
15  5.3569e-01
16  5.1485e-01
17  4.9859e-01
18  4.8863e-01
19  4.8076e-01
20  4.7084e-01
21  4.5940e-01
22  4.3300e-01
23  3.9959e-01
24  3.6496e-01
25  3.3832e-01
26  3.1480e-01
27  2.9640e-01
28  2.8420e-01
29  2.6661e-01
30  2.4614e-01
31  2.2952e-01
32  2.1283e-01
33  1.9983e-01
34  1.8726e-01
35  1.7453e-01
36  1.6388e-01
37  1.5647e-01
38  1.5241e-01
39  1.4598e-01
40  1.3763e-01
1  8.4705e-01
2  9.3170e-01
3  9.8423e-01
4  1.0000e+00
5  9.9136e-01
6  9.6225e-01
7  9.1575e-01
8  8.6566e-01
9  8.1397e-01
10  7.6454e-01
11  7.2149e-01
12  6.4869e-01
13  5.8811e-01
14  5.3686e-01
15  4.9826e-01
16  4.7390e-01
17  4.5251e-01
18  4.3829e-01
19  4.2632e-01
20  4.1204e-01
21  4.0303e-01
22  3.8091e-01
23  3.5722e-01
24  3.3354e-01
25  3.0935e-01
26  2.9200e-01
27  2.8147e-01
28  2.7533e-01
29  2.6400e-01
30  2.4801e-01
31  2.3410e-01
32  2.1327e-01
33  1.9803e-01
34  1.8592e-01
35  1.7271e-01
36  1.6303e-01
37  1.5900e-01
38  1.5807e-01
39  1.5574e-01
40  1.5443e-01
1  8.7362e-01
2  9.4729e-01
3  9.8524e-01
4  1.0000e+00
5  9.9142e-01
6  9.6609e-01
7  9.2712e-01
8  8.8531e-01
9  8.4543e-01
10  8.0242e-01
11  7.7262e-01
12  7.0344e-01
13  6.5210e-01
14  6.0612e-01
15  5.7672e-01
16  5.5707e-01
17  5.4092e-01
18  5.3315e-01
19  5.2501e-01
20  5.1735e-01
21  5.0860e-01
22  4.8502e-01
23  4.5352e-01
24  4.2085e-01
25  3.8951e-01
26  3.6033e-01
27  3.4164e-01
28  3.2807e-01
29  3.1059e-01
30  2.8958e-01
31  2.6833e-01
32  2.4354e-01
33  2.2795e-01
34  2.1641e-01
35  2.0360e-01
36  1.9534e-01
37  1.9313e-01
38  1.9577e-01
39  1.9284e-01
40  1.8869e-01
1  8.5402e-01
2  9.3530e-01
3  9.8605e-01
4  1.0000e+00
5  9.8777e-01
6  9.5284e-01
7  9.1008e-01
8  8.6387e-01
9  8.1752e-01
10  7.7379e-01
11  7.3481e-01
12  6.6834e-01
13  6.1491e-01
14  5.6158e-01
15  5.2550e-01
16  4.9461e-01
17  4.7112e-01
18  4.5770e-01
19  4.4434e-01
20  4.3641e-01
21  4.2808e-01
22  4.0958e-01
23  3.8324e-01
24  3.5587e-01
25  3.3080e-01
26  3.0574e-01
27  2.9040e-01
28  2.7978e-01
29  2.6620e-01
30  2.5029e-01
31  2.3380e-01
32  2.1264e-01
33  1.9961e-01
34  1.8958e-01
35  1.8135e-01
36  1.7493e-01
37  1.6970e-01
38  1.6558e-01
39  1.6054e-01
40  1.5453e-01
1  8.5944e-01
2  9.3665e-01
3  9.8477e-01
4  1.0000e+00
5  9.9002e-01
6  9.6122e-01
7  9.1750e-01
8  8.7793e-01
9  8.3294e-01
10  7.9284e-01
11  7.6052e-01
12  6.9501e-01
13  6.4776e-01
14  6.1199e-01
15  5.7724e-01
16  5.5636e-01
17  5.3344e-01
18  5.1327e-01
19  4.9323e-01
20  4.7637e-01
21  4.5986e-01
22  4.3136e-01
23  4.0123e-01
24  3.6795e-01
25  3.4283e-01
26  3.2226e-01
27  3.0691e-01
28  2.9611e-01
29  2.8225e-01
30  2.6360e-01
31  2.4748e-01
32  2.2448e-01
33  2.0783e-01
34  1.9713e-01
35  1.8560e-01
36  1.7857e-01
37  1.7511e-01
38  1.7647e-01
39  1.7750e-01
40  1.7709e-01
1  8.7868e-01
2  9.4965e-01
3  9.8805e-01
4  1.0000e+00
5  9.8118e-01
6  9.4981e-01
7  9.0429e-01
8  8.5308e-01
9  8.0433e-01
10  7.5833e-01
11  7.1924e-01
12  6.5436e-01
13  6.0362e-01
14  5.6706e-01
15  5.3168e-01
16  5.0738e-01
17  4.9025e-01
18  4.7836e-01
19  4.6653e-01
20  4.5277e-01
21  4.3914e-01
22  4.1065e-01
23  3.8350e-01
24  3.5193e-01
25  3.2509e-01
26  3.0001e-01
27  2.8326e-01
28  2.7579e-01
29  2.6134e-01
30  2.4521e-01
31  2.2734e-01
32  2.0456e-01
33  1.8770e-01
34  1.7514e-01
35  1.6260e-01
36  1.5312e-01
37  1.4750e-01
38  1.4110e-01
39  1.3423e-01
40  1.2691e-01
