exp(fsh.N(1,fsh.nyears,1) = 305.9
the mean lengths
 29.6253 40.8632 50.4706 58.6842 65.706 71.7091 76.8412 81.2287 84.9797 88.1864 90.9279 93.2716 95.2753 96.9883
 11.2379 9.60742 8.21352 7.02185 6.00308 5.13212 4.38752 3.75095 3.20674 2.74149 2.34374 2.00369 1.71299
Scaled rao distance of the mean lengths
 1.39527 1.1396 0.930786 0.760232 0.62093 0.507153 0.414224 0.338323 0.27633 0.225696 0.184341 0.150563 0.122974
Natural mortality in first year
 0.2 0.2 0.2 0.2 0.2 0.2 0.2 0.2 0.2 0.2 0.2 0.2 0.2 0.2

Fishery 1
Fishery Realization1
         0.0145 0.0140 0.0318 0.0545 0.0829 0.1215 0.2121 0.2051 0.3824 0.6051 0.7158 1.0000 0.7896 0.7896
Fishery Realization2
         0.0145 0.0140 0.0318 0.0545 0.0829 0.1215 0.2121 0.2051 0.3824 0.6051 0.7158 1.0000 0.7896 0.7896
Fishery Realization3
         0.0145 0.0140 0.0318 0.0545 0.0829 0.1215 0.2121 0.2051 0.3824 0.6051 0.7158 1.0000 0.7896 0.7896
Fishery Realization4
         0.0145 0.0140 0.0318 0.0545 0.0829 0.1215 0.2121 0.2051 0.3824 0.6051 0.7158 1.0000 0.7896 0.7896
Fishery Realization5
         0.0145 0.0140 0.0318 0.0545 0.0829 0.1215 0.2121 0.2051 0.3824 0.6051 0.7158 1.0000 0.7896 0.7896
Fishery Realization6
         0.0145 0.0140 0.0318 0.0545 0.0829 0.1215 0.2121 0.2051 0.3824 0.6051 0.7158 1.0000 0.7896 0.7896
Fishery Realization7
         0.0145 0.0140 0.0318 0.0545 0.0829 0.1215 0.2121 0.2051 0.3824 0.6051 0.7158 1.0000 0.7896 0.7896
Fishery Realization8
         0.0145 0.0140 0.0318 0.0545 0.0829 0.1215 0.2121 0.2051 0.3824 0.6051 0.7158 1.0000 0.7896 0.7896
Fishery Realization9
         0.0145 0.0140 0.0318 0.0545 0.0829 0.1215 0.2121 0.2051 0.3824 0.6051 0.7158 1.0000 0.7896 0.7896
Fishery Realization10
         0.0145 0.0140 0.0318 0.0545 0.0829 0.1215 0.2121 0.2051 0.3824 0.6051 0.7158 1.0000 0.7896 0.7896
Fishery Realization11
         0.0145 0.0140 0.0318 0.0545 0.0829 0.1215 0.2121 0.2051 0.3824 0.6051 0.7158 1.0000 0.7896 0.7896
Fishery Realization12
         0.0145 0.0140 0.0318 0.0545 0.0829 0.1215 0.2121 0.2051 0.3824 0.6051 0.7158 1.0000 0.7896 0.7896
Fishery Realization13
         0.0145 0.0140 0.0318 0.0545 0.0829 0.1215 0.2121 0.2051 0.3824 0.6051 0.7158 1.0000 0.7896 0.7896
Fishery Realization14
         0.0145 0.0140 0.0318 0.0545 0.0829 0.1215 0.2121 0.2051 0.3824 0.6051 0.7158 1.0000 0.7896 0.7896
Fishery Realization15
         0.0145 0.0140 0.0318 0.0545 0.0829 0.1215 0.2121 0.2051 0.3824 0.6051 0.7158 1.0000 0.7896 0.7896
Fishery Realization16
         0.0145 0.0140 0.0318 0.0545 0.0829 0.1215 0.2121 0.2051 0.3824 0.6051 0.7158 1.0000 0.7896 0.7896
Fishery Realization17
         0.0145 0.0140 0.0318 0.0545 0.0829 0.1215 0.2121 0.2051 0.3824 0.6051 0.7158 1.0000 0.7896 0.7896
Fishery Realization18
         0.0145 0.0140 0.0318 0.0545 0.0829 0.1215 0.2121 0.2051 0.3824 0.6051 0.7158 1.0000 0.7896 0.7896
Fishery Realization19
         0.0145 0.0140 0.0318 0.0545 0.0829 0.1215 0.2121 0.2051 0.3824 0.6051 0.7158 1.0000 0.7896 0.7896
Fishery Realization20
         0.0145 0.0140 0.0318 0.0545 0.0829 0.1215 0.2121 0.2051 0.3824 0.6051 0.7158 1.0000 0.7896 0.7896
Fishery Realization21
         0.0145 0.0140 0.0318 0.0545 0.0829 0.1215 0.2121 0.2051 0.3824 0.6051 0.7158 1.0000 0.7896 0.7896
Fishery Realization22
         0.0145 0.0140 0.0318 0.0545 0.0829 0.1215 0.2121 0.2051 0.3824 0.6051 0.7158 1.0000 0.7896 0.7896
Fishery Realization23
         0.0145 0.0140 0.0318 0.0545 0.0829 0.1215 0.2121 0.2051 0.3824 0.6051 0.7158 1.0000 0.7896 0.7896
Fishery Realization24
         0.0145 0.0140 0.0318 0.0545 0.0829 0.1215 0.2121 0.2051 0.3824 0.6051 0.7158 1.0000 0.7896 0.7896
Fishery Realization25
         0.0145 0.0140 0.0318 0.0545 0.0829 0.1215 0.2121 0.2051 0.3824 0.6051 0.7158 1.0000 0.7896 0.7896
Fishery Realization26
         0.0145 0.0140 0.0318 0.0545 0.0829 0.1215 0.2121 0.2051 0.3824 0.6051 0.7158 1.0000 0.7896 0.7896
Fishery Realization27
         0.0145 0.0140 0.0318 0.0545 0.0829 0.1215 0.2121 0.2051 0.3824 0.6051 0.7158 1.0000 0.7896 0.7896
Fishery Realization28
         0.0145 0.0140 0.0318 0.0545 0.0829 0.1215 0.2121 0.2051 0.3824 0.6051 0.7158 1.0000 0.7896 0.7896
Fishery Realization29
         0.0145 0.0140 0.0318 0.0545 0.0829 0.1215 0.2121 0.2051 0.3824 0.6051 0.7158 1.0000 0.7896 0.7896
Fishery Realization30
         0.0145 0.0140 0.0318 0.0545 0.0829 0.1215 0.2121 0.2051 0.3824 0.6051 0.7158 1.0000 0.7896 0.7896
Fishery Realization31
         0.0145 0.0140 0.0318 0.0545 0.0829 0.1215 0.2121 0.2051 0.3824 0.6051 0.7158 1.0000 0.7896 0.7896
Fishery Realization32
         0.0145 0.0140 0.0318 0.0545 0.0829 0.1215 0.2121 0.2051 0.3824 0.6051 0.7158 1.0000 0.7896 0.7896
Fishery Realization33
         0.0145 0.0140 0.0318 0.0545 0.0829 0.1215 0.2121 0.2051 0.3824 0.6051 0.7158 1.0000 0.7896 0.7896
Fishery Realization34
         0.0145 0.0140 0.0318 0.0545 0.0829 0.1215 0.2121 0.2051 0.3824 0.6051 0.7158 1.0000 0.7896 0.7896
Fishery Realization35
         0.0145 0.0140 0.0318 0.0545 0.0829 0.1215 0.2121 0.2051 0.3824 0.6051 0.7158 1.0000 0.7896 0.7896
Fishery Realization36
         0.0145 0.0140 0.0318 0.0545 0.0829 0.1215 0.2121 0.2051 0.3824 0.6051 0.7158 1.0000 0.7896 0.7896
Fishery Realization37
         0.0145 0.0140 0.0318 0.0545 0.0829 0.1215 0.2121 0.2051 0.3824 0.6051 0.7158 1.0000 0.7896 0.7896
Fishery Realization38
         0.0145 0.0140 0.0318 0.0545 0.0829 0.1215 0.2121 0.2051 0.3824 0.6051 0.7158 1.0000 0.7896 0.7896
Fishery Realization39
         0.0145 0.0140 0.0318 0.0545 0.0829 0.1215 0.2121 0.2051 0.3824 0.6051 0.7158 1.0000 0.7896 0.7896
Fishery Realization40
         0.0145 0.0140 0.0318 0.0545 0.0829 0.1215 0.2121 0.2051 0.3824 0.6051 0.7158 1.0000 0.7896 0.7896

Fishery 2
Fishery Realization1
         0.2537 0.7789 0.7612 1.0000 0.4855 0.0815 0.0288 0.0029 0.0001 0.0000 0.0000 0.0000 0.0001 0.0001
Fishery Realization2
         0.2537 0.7789 0.7612 1.0000 0.4855 0.0815 0.0288 0.0029 0.0001 0.0000 0.0000 0.0000 0.0001 0.0001
Fishery Realization3
         0.2537 0.7789 0.7612 1.0000 0.4855 0.0815 0.0288 0.0029 0.0001 0.0000 0.0000 0.0000 0.0001 0.0001
Fishery Realization4
         0.2537 0.7789 0.7612 1.0000 0.4855 0.0815 0.0288 0.0029 0.0001 0.0000 0.0000 0.0000 0.0001 0.0001
Fishery Realization5
         0.2537 0.7789 0.7612 1.0000 0.4855 0.0815 0.0288 0.0029 0.0001 0.0000 0.0000 0.0000 0.0001 0.0001
Fishery Realization6
         0.2537 0.7789 0.7612 1.0000 0.4855 0.0815 0.0288 0.0029 0.0001 0.0000 0.0000 0.0000 0.0001 0.0001
Fishery Realization7
         0.2537 0.7789 0.7612 1.0000 0.4855 0.0815 0.0288 0.0029 0.0001 0.0000 0.0000 0.0000 0.0001 0.0001
Fishery Realization8
         0.2537 0.7789 0.7612 1.0000 0.4855 0.0815 0.0288 0.0029 0.0001 0.0000 0.0000 0.0000 0.0001 0.0001
Fishery Realization9
         0.2537 0.7789 0.7612 1.0000 0.4855 0.0815 0.0288 0.0029 0.0001 0.0000 0.0000 0.0000 0.0001 0.0001
Fishery Realization10
         0.2537 0.7789 0.7612 1.0000 0.4855 0.0815 0.0288 0.0029 0.0001 0.0000 0.0000 0.0000 0.0001 0.0001
Fishery Realization11
         0.2537 0.7789 0.7612 1.0000 0.4855 0.0815 0.0288 0.0029 0.0001 0.0000 0.0000 0.0000 0.0001 0.0001
Fishery Realization12
         0.2537 0.7789 0.7612 1.0000 0.4855 0.0815 0.0288 0.0029 0.0001 0.0000 0.0000 0.0000 0.0001 0.0001
Fishery Realization13
         0.2537 0.7789 0.7612 1.0000 0.4855 0.0815 0.0288 0.0029 0.0001 0.0000 0.0000 0.0000 0.0001 0.0001
Fishery Realization14
         0.2537 0.7789 0.7612 1.0000 0.4855 0.0815 0.0288 0.0029 0.0001 0.0000 0.0000 0.0000 0.0001 0.0001
Fishery Realization15
         0.2537 0.7789 0.7612 1.0000 0.4855 0.0815 0.0288 0.0029 0.0001 0.0000 0.0000 0.0000 0.0001 0.0001
Fishery Realization16
         0.2537 0.7789 0.7612 1.0000 0.4855 0.0815 0.0288 0.0029 0.0001 0.0000 0.0000 0.0000 0.0001 0.0001
Fishery Realization17
         0.2537 0.7789 0.7612 1.0000 0.4855 0.0815 0.0288 0.0029 0.0001 0.0000 0.0000 0.0000 0.0001 0.0001
Fishery Realization18
         0.2537 0.7789 0.7612 1.0000 0.4855 0.0815 0.0288 0.0029 0.0001 0.0000 0.0000 0.0000 0.0001 0.0001
Fishery Realization19
         0.2537 0.7789 0.7612 1.0000 0.4855 0.0815 0.0288 0.0029 0.0001 0.0000 0.0000 0.0000 0.0001 0.0001
Fishery Realization20
         0.2537 0.7789 0.7612 1.0000 0.4855 0.0815 0.0288 0.0029 0.0001 0.0000 0.0000 0.0000 0.0001 0.0001

Fishery 1
 1.0138e-01 1.0138e-01 1.0138e-01 1.0138e-01 1.0138e-01 1.0138e-01 1.0138e-01 1.0138e-01 1.0138e-01 1.0138e-01
 1.0138e-01 1.0138e-01 1.0138e-01 1.0138e-01 1.0138e-01 1.0138e-01 1.0138e-01 1.0138e-01 1.0138e-01 1.0138e-01
 1.0138e-01 1.0138e-01 1.0138e-01 1.0138e-01 1.0138e-01 1.0138e-01 1.0138e-01 1.0138e-01 1.0138e-01 1.0138e-01
 1.0138e-01 1.0138e-01 1.0138e-01 1.0138e-01 1.0138e-01 1.0138e-01 1.0138e-01 1.0138e-01 1.0138e-01 1.0138e-01



 9.6847e-02 1.0018e-01 9.4993e-02 9.3167e-02 9.2826e-02 1.1053e-01 8.7467e-02 8.7833e-02 1.0190e-01 9.2664e-02
 8.9865e-02 1.0380e-01 9.9494e-02 1.0288e-01 1.1887e-01 1.0136e-01 1.0795e-01 9.8425e-02 9.0808e-02 1.0692e-01
 1.0014e-01 1.0330e-01 1.2428e-01 9.8694e-02 9.7402e-02 9.2912e-02 9.6943e-02 1.1032e-01 1.0236e-01 9.9113e-02
 1.1410e-01 1.0669e-01 1.2679e-01 1.0221e-01 1.1354e-01 1.2181e-01 1.0521e-01 8.9718e-02 8.6309e-02 1.0361e-01



Fishery 2
 2.2942e-02 2.2942e-02 2.2942e-02 2.2942e-02 2.2942e-02 2.2942e-02 2.2942e-02 2.2942e-02 2.2942e-02 2.2942e-02
 2.2942e-02 2.2942e-02 2.2942e-02 2.2942e-02 2.2942e-02 2.2942e-02 2.2942e-02 2.2942e-02 2.2942e-02 2.2942e-02



 2.0816e-02 2.3444e-02 2.8113e-02 2.4677e-02 2.3073e-02 2.7774e-02 2.5143e-02 2.3397e-02 1.8604e-02 1.9964e-02
 1.9035e-02 2.1904e-02 2.6941e-02 3.0735e-02 2.2897e-02 1.7923e-02 2.2669e-02 1.7839e-02 2.2119e-02 2.7180e-02




Fishery 1
Fishery Realization1
         0.0022 0.0021 0.0049 0.0083 0.0127 0.0186 0.0325 0.0314 0.0586 0.0927 0.1096 0.1532 0.1210 0.1210
Fishery Realization2
         0.0021 0.0020 0.0046 0.0078 0.0119 0.0175 0.0306 0.0295 0.0551 0.0872 0.1031 0.1440 0.1137 0.1137
Fishery Realization3
         0.0020 0.0019 0.0043 0.0074 0.0113 0.0166 0.0290 0.0280 0.0522 0.0826 0.0978 0.1366 0.1079 0.1079
Fishery Realization4
         0.0019 0.0019 0.0043 0.0073 0.0111 0.0163 0.0284 0.0275 0.0512 0.0811 0.0959 0.1340 0.1058 0.1058
Fishery Realization5
         0.0019 0.0019 0.0042 0.0073 0.0111 0.0162 0.0283 0.0274 0.0510 0.0808 0.0955 0.1335 0.1054 0.1054
Fishery Realization6
         0.0018 0.0018 0.0040 0.0069 0.0105 0.0154 0.0270 0.0261 0.0486 0.0769 0.0910 0.1271 0.1004 0.1004
Fishery Realization7
         0.0018 0.0018 0.0040 0.0068 0.0104 0.0153 0.0267 0.0258 0.0481 0.0761 0.0900 0.1258 0.0993 0.0993
Fishery Realization8
         0.0018 0.0018 0.0040 0.0069 0.0105 0.0153 0.0268 0.0259 0.0483 0.0764 0.0904 0.1263 0.0997 0.0997
Fishery Realization9
         0.0017 0.0016 0.0037 0.0064 0.0097 0.0142 0.0249 0.0240 0.0448 0.0709 0.0839 0.1172 0.0926 0.0926
Fishery Realization10
         0.0017 0.0017 0.0038 0.0065 0.0099 0.0146 0.0254 0.0246 0.0459 0.0726 0.0858 0.1199 0.0947 0.0947
Fishery Realization11
         0.0036 0.0034 0.0078 0.0134 0.0203 0.0298 0.0521 0.0503 0.0939 0.1486 0.1757 0.2455 0.1939 0.1939
Fishery Realization12
         0.0037 0.0036 0.0081 0.0138 0.0210 0.0308 0.0538 0.0520 0.0970 0.1535 0.1816 0.2537 0.2003 0.2003
Fishery Realization13
         0.0037 0.0036 0.0082 0.0140 0.0213 0.0313 0.0546 0.0528 0.0985 0.1558 0.1843 0.2575 0.2033 0.2033
Fishery Realization14
         0.0039 0.0037 0.0085 0.0145 0.0221 0.0323 0.0565 0.0546 0.1018 0.1611 0.1906 0.2663 0.2103 0.2103
Fishery Realization15
         0.0037 0.0036 0.0082 0.0140 0.0212 0.0311 0.0544 0.0526 0.0980 0.1551 0.1835 0.2564 0.2024 0.2024
Fishery Realization16
         0.0038 0.0037 0.0084 0.0143 0.0217 0.0319 0.0557 0.0538 0.1003 0.1587 0.1878 0.2623 0.2071 0.2071
Fishery Realization17
         0.0041 0.0039 0.0089 0.0152 0.0231 0.0339 0.0593 0.0573 0.1068 0.1690 0.2000 0.2794 0.2206 0.2206
Fishery Realization18
         0.0039 0.0038 0.0086 0.0146 0.0223 0.0327 0.0570 0.0551 0.1028 0.1627 0.1925 0.2689 0.2123 0.2123
Fishery Realization19
         0.0038 0.0037 0.0083 0.0142 0.0216 0.0317 0.0554 0.0535 0.0999 0.1580 0.1869 0.2611 0.2062 0.2062
Fishery Realization20
         0.0040 0.0039 0.0088 0.0151 0.0229 0.0336 0.0587 0.0567 0.1058 0.1674 0.1981 0.2767 0.2185 0.2185
Fishery Realization21
         0.0040 0.0038 0.0087 0.0149 0.0227 0.0332 0.0580 0.0561 0.1046 0.1655 0.1958 0.2736 0.2160 0.2160
Fishery Realization22
         0.0043 0.0042 0.0095 0.0162 0.0246 0.0361 0.0630 0.0609 0.1136 0.1797 0.2126 0.2971 0.2346 0.2346
Fishery Realization23
         0.0042 0.0040 0.0091 0.0156 0.0237 0.0347 0.0607 0.0586 0.1093 0.1730 0.2047 0.2859 0.2258 0.2258
Fishery Realization24
         0.0043 0.0042 0.0095 0.0162 0.0247 0.0362 0.0632 0.0611 0.1140 0.1803 0.2133 0.2980 0.2353 0.2353
Fishery Realization25
         0.0043 0.0041 0.0094 0.0160 0.0244 0.0357 0.0624 0.0603 0.1125 0.1780 0.2105 0.2941 0.2322 0.2322
Fishery Realization26
         0.0043 0.0041 0.0094 0.0160 0.0244 0.0357 0.0623 0.0603 0.1124 0.1778 0.2104 0.2939 0.2321 0.2321
Fishery Realization27
         0.0045 0.0043 0.0098 0.0167 0.0254 0.0372 0.0651 0.0629 0.1173 0.1856 0.2195 0.3067 0.2421 0.2421
Fishery Realization28
         0.0046 0.0044 0.0101 0.0173 0.0263 0.0385 0.0673 0.0651 0.1213 0.1920 0.2271 0.3173 0.2505 0.2505
Fishery Realization29
         0.0045 0.0043 0.0098 0.0168 0.0256 0.0375 0.0656 0.0634 0.1182 0.1870 0.2213 0.3091 0.2441 0.2441
Fishery Realization30
         0.0046 0.0044 0.0100 0.0171 0.0260 0.0381 0.0665 0.0643 0.1199 0.1897 0.2244 0.3135 0.2476 0.2476
Fishery Realization31
         0.0064 0.0062 0.0141 0.0241 0.0367 0.0538 0.0940 0.0908 0.1694 0.2680 0.3171 0.4430 0.3498 0.3498
Fishery Realization32
         0.0071 0.0069 0.0156 0.0267 0.0407 0.0596 0.1041 0.1007 0.1877 0.2970 0.3514 0.4909 0.3876 0.3876
Fishery Realization33
         0.0066 0.0064 0.0145 0.0248 0.0378 0.0554 0.0967 0.0935 0.1743 0.2758 0.3263 0.4558 0.3599 0.3599
Fishery Realization34
         0.0066 0.0064 0.0145 0.0248 0.0377 0.0553 0.0966 0.0934 0.1742 0.2757 0.3261 0.4556 0.3597 0.3597
Fishery Realization35
         0.0071 0.0069 0.0156 0.0267 0.0406 0.0595 0.1039 0.1004 0.1873 0.2963 0.3506 0.4897 0.3867 0.3867
Fishery Realization36
         0.0069 0.0066 0.0151 0.0258 0.0392 0.0574 0.1003 0.0970 0.1808 0.2861 0.3385 0.4729 0.3734 0.3734
Fishery Realization37
         0.0066 0.0064 0.0144 0.0247 0.0376 0.0551 0.0963 0.0931 0.1736 0.2746 0.3249 0.4539 0.3584 0.3584
Fishery Realization38
         0.0062 0.0060 0.0136 0.0232 0.0353 0.0517 0.0903 0.0873 0.1628 0.2576 0.3047 0.4257 0.3361 0.3361
Fishery Realization39
         0.0061 0.0059 0.0134 0.0230 0.0350 0.0513 0.0895 0.0865 0.1614 0.2553 0.3020 0.4219 0.3332 0.3332
Fishery Realization40
         0.0058 0.0056 0.0128 0.0219 0.0333 0.0489 0.0853 0.0825 0.1538 0.2434 0.2879 0.4022 0.3176 0.3176

Fishery 2
Fishery Realization1
         0.0233 0.0714 0.0698 0.0917 0.0445 0.0075 0.0026 0.0003 0.0000 0.0000 0.0000 0.0000 0.0000 0.0000
Fishery Realization2
         0.0238 0.0732 0.0715 0.0939 0.0456 0.0077 0.0027 0.0003 0.0000 0.0000 0.0000 0.0000 0.0000 0.0000
Fishery Realization3
         0.0229 0.0702 0.0686 0.0901 0.0437 0.0073 0.0026 0.0003 0.0000 0.0000 0.0000 0.0000 0.0000 0.0000
Fishery Realization4
         0.0251 0.0770 0.0753 0.0989 0.0480 0.0081 0.0028 0.0003 0.0000 0.0000 0.0000 0.0000 0.0000 0.0000
Fishery Realization5
         0.0258 0.0792 0.0774 0.1017 0.0494 0.0083 0.0029 0.0003 0.0000 0.0000 0.0000 0.0000 0.0000 0.0000
Fishery Realization6
         0.0282 0.0867 0.0847 0.1113 0.0540 0.0091 0.0032 0.0003 0.0000 0.0000 0.0000 0.0000 0.0000 0.0000
Fishery Realization7
         0.0281 0.0863 0.0843 0.1108 0.0538 0.0090 0.0032 0.0003 0.0000 0.0000 0.0000 0.0000 0.0000 0.0000
Fishery Realization8
         0.0262 0.0803 0.0785 0.1031 0.0501 0.0084 0.0030 0.0003 0.0000 0.0000 0.0000 0.0000 0.0000 0.0000
Fishery Realization9
         0.0227 0.0697 0.0681 0.0894 0.0434 0.0073 0.0026 0.0003 0.0000 0.0000 0.0000 0.0000 0.0000 0.0000
Fishery Realization10
         0.0243 0.0748 0.0731 0.0960 0.0466 0.0078 0.0028 0.0003 0.0000 0.0000 0.0000 0.0000 0.0000 0.0000
Fishery Realization11
         0.0232 0.0713 0.0697 0.0915 0.0444 0.0075 0.0026 0.0003 0.0000 0.0000 0.0000 0.0000 0.0000 0.0000
Fishery Realization12
         0.0245 0.0752 0.0735 0.0965 0.0469 0.0079 0.0028 0.0003 0.0000 0.0000 0.0000 0.0000 0.0000 0.0000
Fishery Realization13
         0.0274 0.0841 0.0822 0.1079 0.0524 0.0088 0.0031 0.0003 0.0000 0.0000 0.0000 0.0000 0.0000 0.0000
Fishery Realization14
         0.0250 0.0767 0.0750 0.0985 0.0478 0.0080 0.0028 0.0003 0.0000 0.0000 0.0000 0.0000 0.0000 0.0000
Fishery Realization15
         0.0233 0.0714 0.0698 0.0917 0.0445 0.0075 0.0026 0.0003 0.0000 0.0000 0.0000 0.0000 0.0000 0.0000
Fishery Realization16
         0.0182 0.0559 0.0547 0.0718 0.0349 0.0059 0.0021 0.0002 0.0000 0.0000 0.0000 0.0000 0.0000 0.0000
Fishery Realization17
         0.0207 0.0637 0.0622 0.0817 0.0397 0.0067 0.0024 0.0002 0.0000 0.0000 0.0000 0.0000 0.0000 0.0000
Fishery Realization18
         0.0199 0.0612 0.0598 0.0786 0.0382 0.0064 0.0023 0.0002 0.0000 0.0000 0.0000 0.0000 0.0000 0.0000
Fishery Realization19
         0.0225 0.0690 0.0674 0.0886 0.0430 0.0072 0.0025 0.0003 0.0000 0.0000 0.0000 0.0000 0.0000 0.0000
Fishery Realization20
         0.0249 0.0763 0.0746 0.0980 0.0476 0.0080 0.0028 0.0003 0.0000 0.0000 0.0000 0.0000 0.0000 0.0000

 Predicted numbers of fish
Group 1
 2.404e+03 2.398e+03 1.817e+03 1.942e+03 8.229e+02 5.630e+02 5.943e+02 4.954e+02 2.796e+02 1.459e+02 9.592e+01 4.532e+01 2.097e+01 1.073e+01
 1.037e+03 1.964e+03 1.959e+03 1.481e+03 1.577e+03 6.652e+02 4.525e+02 4.710e+02 3.930e+02 2.159e+02 1.089e+02 7.038e+01 3.184e+01 2.299e+01
 1.424e+03 8.472e+02 1.604e+03 1.597e+03 1.203e+03 1.276e+03 5.352e+02 3.593e+02 3.744e+02 3.045e+02 1.620e+02 8.043e+01 4.989e+01 4.007e+01
 1.668e+03 1.163e+03 6.923e+02 1.308e+03 1.298e+03 9.737e+02 1.027e+03 4.257e+02 2.860e+02 2.909e+02 2.296e+02 1.203e+02 5.744e+01 6.612e+01
 1.237e+03 1.363e+03 9.507e+02 5.644e+02 1.063e+03 1.051e+03 7.843e+02 8.176e+02 3.391e+02 2.225e+02 2.197e+02 1.708e+02 8.615e+01 9.101e+01
 9.861e+02 1.011e+03 1.114e+03 7.751e+02 4.587e+02 8.608e+02 8.465e+02 6.242e+02 6.513e+02 2.638e+02 1.680e+02 1.635e+02 1.223e+02 1.305e+02
 1.061e+03 8.059e+02 8.259e+02 9.083e+02 6.302e+02 3.717e+02 6.939e+02 6.746e+02 4.979e+02 5.080e+02 2.000e+02 1.256e+02 1.178e+02 1.873e+02
 6.686e+02 8.667e+02 6.586e+02 6.735e+02 7.385e+02 5.106e+02 2.997e+02 5.532e+02 5.382e+02 3.885e+02 3.854e+02 1.496e+02 9.068e+01 2.262e+02
 1.525e+03 5.464e+02 7.083e+02 5.371e+02 5.477e+02 5.984e+02 4.117e+02 2.389e+02 4.413e+02 4.199e+02 2.947e+02 2.883e+02 1.080e+02 2.348e+02
 3.706e+03 1.247e+03 4.466e+02 5.778e+02 4.369e+02 4.440e+02 4.830e+02 3.288e+02 1.909e+02 3.455e+02 3.202e+02 2.218e+02 2.099e+02 2.558e+02
 4.808e+02 3.029e+03 1.019e+03 3.643e+02 4.700e+02 3.542e+02 3.583e+02 3.855e+02 2.627e+02 1.493e+02 2.631e+02 2.406e+02 1.611e+02 3.469e+02
 6.602e+02 3.923e+02 2.472e+03 8.277e+02 2.943e+02 3.770e+02 2.815e+02 2.785e+02 3.001e+02 1.958e+02 1.054e+02 1.807e+02 1.541e+02 3.426e+02
 1.298e+03 5.385e+02 3.200e+02 2.007e+03 6.683e+02 2.359e+02 2.993e+02 2.184e+02 2.164e+02 2.230e+02 1.375e+02 7.194e+01 1.148e+02 3.329e+02
 1.099e+03 1.059e+03 4.393e+02 2.599e+02 1.621e+03 5.356e+02 1.872e+02 2.320e+02 1.696e+02 1.606e+02 1.562e+02 9.361e+01 4.553e+01 2.991e+02
 1.029e+03 8.963e+02 8.639e+02 3.567e+02 2.097e+02 1.298e+03 4.246e+02 1.449e+02 1.799e+02 1.254e+02 1.119e+02 1.057e+02 5.872e+01 2.286e+02
 8.739e+02 8.390e+02 7.312e+02 7.016e+02 2.880e+02 1.681e+02 1.030e+03 3.292e+02 1.125e+02 1.335e+02 8.792e+01 7.626e+01 6.698e+01 1.921e+02
 6.472e+02 7.128e+02 6.844e+02 5.937e+02 5.662e+02 2.307e+02 1.333e+02 7.976e+02 2.554e+02 8.334e+01 9.327e+01 5.966e+01 4.803e+01 1.725e+02
 6.509e+02 5.277e+02 5.813e+02 5.554e+02 4.787e+02 4.530e+02 1.826e+02 1.029e+02 6.167e+02 1.879e+02 5.762e+01 6.252e+01 3.694e+01 1.448e+02
 7.887e+02 5.309e+02 4.304e+02 4.719e+02 4.481e+02 3.833e+02 3.590e+02 1.412e+02 7.969e+01 4.556e+02 1.308e+02 3.891e+01 3.912e+01 1.203e+02
 2.309e+03 6.433e+02 4.330e+02 3.495e+02 3.809e+02 3.590e+02 3.040e+02 2.781e+02 1.096e+02 5.905e+01 3.185e+02 8.881e+01 2.454e+01 1.062e+02
 9.137e+02 1.883e+03 5.246e+02 3.514e+02 2.819e+02 3.048e+02 2.842e+02 2.347e+02 2.151e+02 8.070e+01 4.089e+01 2.139e+02 5.513e+01 8.604e+01
 7.216e+02 7.279e+02 1.430e+03 3.971e+02 2.586e+02 2.158e+02 2.396e+02 2.190e+02 1.816e+02 1.586e+02 5.599e+01 2.752e+01 1.332e+02 9.312e+01
 5.219e+02 5.744e+02 5.516e+02 1.079e+03 2.912e+02 1.974e+02 1.691e+02 1.837e+02 1.687e+02 1.327e+02 1.085e+02 3.706e+01 1.674e+01 1.466e+02
 9.130e+02 4.159e+02 4.367e+02 4.179e+02 7.951e+02 2.229e+02 1.550e+02 1.300e+02 1.418e+02 1.238e+02 9.142e+01 7.239e+01 2.280e+01 1.067e+02
 5.980e+02 7.258e+02 3.139e+02 3.285e+02 3.049e+02 6.053e+02 1.746e+02 1.188e+02 1.001e+02 1.036e+02 8.463e+01 6.047e+01 4.399e+01 8.378e+01
 5.250e+02 4.751e+02 5.468e+02 2.357e+02 2.391e+02 2.319e+02 4.743e+02 1.339e+02 9.151e+01 7.321e+01 7.097e+01 5.613e+01 3.689e+01 8.293e+01
 7.778e+02 4.161e+02 3.552e+02 4.075e+02 1.699e+02 1.810e+02 1.816e+02 3.637e+02 1.032e+02 6.696e+01 5.017e+01 4.708e+01 3.425e+01 7.778e+01
 2.517e+03 6.164e+02 3.112e+02 2.647e+02 2.937e+02 1.285e+02 1.415e+02 1.389e+02 2.795e+02 7.513e+01 4.554e+01 3.298e+01 2.837e+01 7.200e+01
 8.106e+02 1.999e+03 4.637e+02 2.332e+02 1.921e+02 2.228e+02 1.004e+02 1.080e+02 1.065e+02 2.027e+02 5.076e+01 2.971e+01 1.966e+01 6.396e+01
 5.715e+02 6.459e+02 1.520e+03 3.512e+02 1.717e+02 1.468e+02 1.744e+02 7.678e+01 8.294e+01 7.747e+01 1.376e+02 3.331e+01 1.786e+01 5.364e+01
 8.902e+02 4.545e+02 4.886e+02 1.145e+03 2.568e+02 1.307e+02 1.148e+02 1.332e+02 5.893e+01 6.024e+01 5.246e+01 9.004e+01 1.993e+01 4.570e+01
 3.136e+02 7.075e+02 3.444e+02 3.679e+02 8.351e+02 1.938e+02 1.007e+02 8.534e+01 9.957e+01 4.073e+01 3.772e+01 3.128e+01 4.734e+01 3.787e+01
 6.401e+02 2.488e+02 5.336e+02 2.579e+02 2.663e+02 6.264e+02 1.483e+02 7.405e+01 6.316e+01 6.757e+01 2.478e+01 2.173e+01 1.568e+01 4.735e+01
 4.357e+02 5.066e+02 1.861e+02 3.967e+02 1.849e+02 1.992e+02 4.810e+02 1.099e+02 5.520e+01 4.344e+01 4.199e+01 1.464e+01 1.128e+01 3.600e+01
 3.112e+03 3.456e+02 3.817e+02 1.393e+02 2.871e+02 1.390e+02 1.531e+02 3.565e+02 8.195e+01 3.797e+01 2.700e+01 2.481e+01 7.599e+00 2.702e+01
 5.505e+02 2.472e+03 2.616e+02 2.869e+02 1.013e+02 2.159e+02 1.064e+02 1.127e+02 2.639e+02 5.563e+01 2.311e+01 1.557e+01 1.245e+01 1.925e+01
 3.879e+02 4.396e+02 1.901e+03 1.998e+02 2.131e+02 7.702e+01 1.659e+02 7.865e+01 8.370e+01 1.803e+02 3.421e+01 1.349e+01 7.943e+00 1.787e+01
 4.919e+02 3.090e+02 3.356e+02 1.441e+03 1.471e+02 1.615e+02 5.928e+01 1.231e+02 5.866e+01 5.761e+01 1.122e+02 2.024e+01 7.015e+00 1.477e+01
 7.195e+02 3.923e+02 2.366e+02 2.553e+02 1.066e+03 1.119e+02 1.247e+02 4.425e+01 9.231e+01 4.081e+01 3.645e+01 6.773e+01 1.083e+01 1.274e+01
 3.059e+02 5.725e+02 2.980e+02 1.786e+02 1.869e+02 8.072e+02 8.639e+01 9.314e+01 3.321e+01 6.432e+01 2.588e+01 2.207e+01 3.636e+01 1.383e+01
Last Year 1
 3.059e+02 5.725e+02 2.980e+02 1.786e+02 1.869e+02 8.072e+02 8.639e+01 9.314e+01 3.321e+01 6.432e+01 2.588e+01 2.207e+01 3.636e+01 1.383e+01
Absolute biomass by area
 2.2370e+09
 2.4393e+09
 2.5763e+09
 2.6528e+09
 2.6664e+09
 2.6250e+09
 2.5435e+09
 2.4203e+09
 2.2892e+09
 2.2285e+09
 2.1693e+09
 2.0185e+09
 1.8972e+09
 1.7962e+09
 1.7051e+09
 1.6250e+09
 1.5384e+09
 1.4461e+09
 1.3493e+09
 1.2950e+09
 1.2556e+09
 1.1963e+09
 1.1268e+09
 1.0568e+09
 9.8399e+08
 9.1710e+08
 8.5460e+08
 8.4458e+08
 8.4623e+08
 8.4729e+08
 8.4182e+08
 7.9312e+08
 7.4599e+08
 7.0276e+08
 7.2291e+08
 7.5005e+08
 7.6599e+08
 7.5826e+08
 7.3941e+08
 7.0717e+08
Relative biomass by area
 8.3896e-01
 9.1481e-01
 9.6620e-01
 9.9490e-01
 1.0000e+00
 9.8448e-01
 9.5389e-01
 9.0768e-01
 8.5854e-01
 8.3576e-01
 8.1357e-01
 7.5702e-01
 7.1150e-01
 6.7363e-01
 6.3946e-01
 6.0944e-01
 5.7696e-01
 5.4235e-01
 5.0602e-01
 4.8566e-01
 4.7089e-01
 4.4866e-01
 4.2257e-01
 3.9634e-01
 3.6903e-01
 3.4395e-01
 3.2050e-01
 3.1675e-01
 3.1737e-01
 3.1776e-01
 3.1571e-01
 2.9745e-01
 2.7977e-01
 2.6356e-01
 2.7112e-01
 2.8129e-01
 2.8727e-01
 2.8437e-01
 2.7730e-01
 2.6521e-01

Fishery 1
  fishery  realiz. realiz. ratio      predicted     observed 
  realiz.  region  period             total cat     tot cat  
     1       1    1          1.00         126.4         125.9
     2       1    2          1.00         135.4         135.4
     3       1    3          1.01         145.8         145.0
     4       1    4          1.01         157.5         156.4
     5       1    5          1.01         162.2         161.1
     6       1    6          0.99         162.2         163.7
     7       1    7          1.01         165.1         162.7
     8       1    8          1.01         165.7         163.3
     9       1    9          1.00         157.1         157.2
    10       1   10          1.01         155.3         154.2
    11       1   11          1.00         281.9         280.5
    12       1   12          0.99         259.2         261.4
    13       1   13          1.00         236.3         237.2
    14       1   14          0.99         222.8         224.5
    15       1   15          0.98         202.8         207.0
    16       1   16          1.00         198.3         199.2
    17       1   17          0.99         188.1         189.9
    18       1   18          1.00         187.4         187.1
    19       1   19          1.01         180.3         178.5
    20       1   20          0.99         180.3         181.1
    21       1   21          1.00         167.6         167.2
    22       1   22          1.00         160.9         161.3
    23       1   23          0.98         145.2         148.0
    24       1   24          1.01         144.5         143.6
    25       1   25          1.01         131.3         130.3
    26       1   26          1.01         124.4         123.0
    27       1   27          1.01         116.6         115.8
    28       1   28          0.99         124.6         125.4
    29       1   29          1.00         116.8         117.0
    30       1   30          1.00         114.8         114.8
    31       1   31          0.99         152.8         154.8
    32       1   32          0.99         146.7         147.7
    33       1   33          0.98         129.8         132.9
    34       1   34          1.00         127.1         126.9
    35       1   35          0.99         140.0         141.1
    36       1   36          0.99         133.4         134.9
    37       1   37          1.00         135.7         134.9
    38       1   38          1.02         121.9         119.7
    39       1   39          1.02         121.3         119.1
    40       1   40          1.00         106.3         106.6

Fishery 2
  fishery  realiz. realiz. ratio      predicted     observed 
  realiz.  region  period             total cat     tot cat  
     1       1   21          1.01         210.1         208.3
     2       1   22          1.00         195.5         196.0
     3       1   23          0.98         175.7         179.1
     4       1   24          0.99         147.8         149.0
     5       1   25          1.00         131.7         131.8
     6       1   26          0.98         125.9         128.3
     7       1   27          0.99         125.2         126.1
     8       1   28          1.00         160.7         160.8
     9       1   29          1.02         192.8         188.5
    10       1   30          1.01         188.7         185.9
    11       1   31          1.02         177.3         173.8
    12       1   32          1.00         141.1         140.4
    13       1   33          0.98         112.8         114.6
    14       1   34          0.97          99.4         102.1
    15       1   35          1.00         132.8         132.7
    16       1   36          1.03         165.3         161.2
    17       1   37          1.00         157.3         156.9
    18       1   38          1.02         146.7         143.2
    19       1   39          1.00         112.5         112.2
    20       1   40          0.98          92.9          94.4
The recruitment
    1 2403.7 
    2 1037.0 
    3 1423.8 
    4 1668.0 
    5 1236.8 
    6 986.1 
    7 1060.5 
    8 668.6 
    9 1525.1 
   10 3706.3 
   11 480.8 
   12 660.2 
   13 1298.5 
   14 1099.0 
   15 1028.6 
   16 873.9 
   17 647.2 
   18 650.9 
   19 788.7 
   20 2308.6 
   21 913.7 
   22 721.6 
   23 521.9 
   24 913.0 
   25 598.0 
   26 525.0 
   27 777.8 
   28 2517.5 
   29 810.6 
   30 571.5 
   31 890.2 
   32 313.6 
   33 640.1 
   34 435.7 
   35 3111.9 
   36 550.5 
   37 387.9 
   38 491.9 
   39 719.5 
   40 305.9 

# Average fish mort per year by age class is 
# 0.014347 0.034863 0.038137 0.050376 0.039860 0.036159 0.058330 0.055996 0.102862 0.160851 0.193154 0.266632 0.213589 0.230500
# Average Fish mort by age class is 
#
 0.008797 0.021115 0.024125 0.034125 0.027422 0.025297 0.041494 0.039519 0.073576 0.116416 0.137722 0.192394 0.151922 0.151922
# Fish mort by year by age class is 
#
 0.002227 0.002146 0.004877 0.008342 0.012692 0.018606 0.032494 0.031409 0.058575 0.092686 0.109649 0.153177 0.120952 0.120952
 0.002094 0.002018 0.004586 0.007844 0.011935 0.017496 0.030556 0.029536 0.055081 0.087156 0.103108 0.144039 0.113736 0.113736
 0.001986 0.001914 0.004348 0.007438 0.011318 0.016591 0.028975 0.028008 0.052231 0.082647 0.097773 0.136587 0.107852 0.107852
 0.001948 0.001877 0.004265 0.007295 0.011100 0.016272 0.028418 0.027469 0.051227 0.081058 0.095894 0.133961 0.105779 0.105779
 0.001941 0.001870 0.004249 0.007269 0.011059 0.016212 0.028314 0.027369 0.051040 0.080762 0.095543 0.133471 0.105392 0.105392
 0.001849 0.001781 0.004048 0.006924 0.010535 0.015443 0.026970 0.026070 0.048618 0.076930 0.091010 0.127138 0.100391 0.100391
 0.001829 0.001762 0.004004 0.006849 0.010421 0.015276 0.026679 0.025789 0.048093 0.076099 0.090027 0.125766 0.099307 0.099307
 0.001836 0.001769 0.004021 0.006878 0.010464 0.015340 0.026791 0.025896 0.048294 0.076417 0.090403 0.126291 0.099722 0.099722
 0.001704 0.001642 0.003732 0.006383 0.009712 0.014238 0.024865 0.024035 0.044824 0.070926 0.083907 0.117216 0.092556 0.092556
 0.001744 0.001680 0.003818 0.006530 0.009936 0.014565 0.025438 0.024589 0.045855 0.072559 0.085838 0.119914 0.094687 0.094687
 0.003570 0.003439 0.007816 0.013370 0.020342 0.029820 0.052080 0.050342 0.093882 0.148552 0.175740 0.245505 0.193856 0.193856
 0.003689 0.003555 0.008078 0.013818 0.021024 0.030819 0.053824 0.052027 0.097025 0.153526 0.181624 0.253726 0.200347 0.200347
 0.003744 0.003607 0.008198 0.014023 0.021337 0.031278 0.054625 0.052802 0.098470 0.155812 0.184329 0.257504 0.203330 0.203330
 0.003872 0.003730 0.008477 0.014501 0.022063 0.032343 0.056486 0.054600 0.101824 0.161119 0.190606 0.266273 0.210255 0.210255
 0.003728 0.003592 0.008162 0.013963 0.021244 0.031142 0.054388 0.052573 0.098043 0.155136 0.183529 0.256386 0.202448 0.202448
 0.003814 0.003675 0.008352 0.014287 0.021737 0.031865 0.055650 0.053793 0.100318 0.158736 0.187788 0.262336 0.207146 0.207146
 0.004062 0.003914 0.008894 0.015215 0.023149 0.033935 0.059266 0.057288 0.106835 0.169049 0.199988 0.279379 0.220604 0.220604
 0.003910 0.003767 0.008560 0.014644 0.022280 0.032661 0.057041 0.055137 0.102825 0.162703 0.192481 0.268892 0.212322 0.212322
 0.003797 0.003658 0.008314 0.014221 0.021638 0.031719 0.055397 0.053547 0.099860 0.158012 0.186931 0.261139 0.206201 0.206201
 0.004024 0.003877 0.008810 0.015071 0.022930 0.033614 0.058705 0.056746 0.105825 0.167450 0.198096 0.276736 0.218516 0.218516
 0.013625 0.037641 0.039266 0.053313 0.033600 0.020355 0.030337 0.028181 0.052315 0.082770 0.097918 0.136789 0.108018 0.108018
 0.014073 0.038659 0.040474 0.055048 0.035105 0.021870 0.032859 0.030592 0.056805 0.089873 0.106321 0.148529 0.117288 0.117288
 0.013508 0.037093 0.038843 0.052834 0.033716 0.021038 0.031623 0.029445 0.054675 0.086504 0.102336 0.142961 0.112891 0.112891
 0.014707 0.040589 0.042369 0.057543 0.036343 0.022129 0.033030 0.030696 0.056986 0.090161 0.106661 0.149003 0.117663 0.117663
 0.015036 0.041659 0.043378 0.058845 0.036865 0.022007 0.032657 0.030300 0.056241 0.088981 0.105265 0.147053 0.116123 0.116123
 0.016251 0.045393 0.047026 0.063635 0.039185 0.022386 0.032774 0.030294 0.056204 0.088920 0.105194 0.146954 0.116045 0.116045
 0.016284 0.045299 0.047050 0.063747 0.039599 0.023141 0.034120 0.031600 0.058642 0.092778 0.109758 0.153329 0.121080 0.121080
 0.015385 0.042378 0.044292 0.060190 0.038171 0.023471 0.035133 0.032676 0.060668 0.095985 0.113551 0.158629 0.125264 0.125264
 0.013592 0.036996 0.038958 0.053132 0.034514 0.022418 0.034070 0.031819 0.059104 0.093513 0.110627 0.154543 0.122037 0.122037
 0.014453 0.039574 0.041517 0.056522 0.036285 0.022954 0.034635 0.032283 0.059953 0.094855 0.112214 0.156761 0.123788 0.123788
 0.014828 0.038741 0.041877 0.057813 0.040563 0.030633 0.048299 0.045547 0.084701 0.134014 0.158541 0.221479 0.174890 0.174890
 0.015813 0.041031 0.044551 0.061628 0.043767 0.033748 0.053455 0.050468 0.093865 0.148515 0.175696 0.245444 0.193814 0.193814
 0.017004 0.045227 0.048332 0.066374 0.045081 0.032080 0.049894 0.046884 0.087151 0.137890 0.163126 0.227883 0.179949 0.179949
 0.015807 0.041554 0.044742 0.061656 0.042785 0.031685 0.049739 0.046851 0.087115 0.137834 0.163059 0.227790 0.179875 0.179875
 0.015196 0.039154 0.042706 0.059198 0.042555 0.033483 0.053265 0.050345 0.093647 0.148171 0.175289 0.244875 0.193365 0.193365
 0.012546 0.031276 0.034854 0.048776 0.037020 0.031647 0.051190 0.048587 0.090422 0.143069 0.169253 0.236443 0.186705 0.186705
 0.013667 0.035010 0.038331 0.053223 0.038642 0.030896 0.049314 0.046650 0.086783 0.137311 0.162441 0.226926 0.179191 0.179191
 0.013067 0.033598 0.036696 0.050897 0.036719 0.029059 0.046284 0.043760 0.081401 0.128795 0.152367 0.212853 0.168079 0.168079
 0.014308 0.037466 0.040441 0.055793 0.038990 0.029238 0.046029 0.043388 0.080682 0.127657 0.151020 0.210971 0.166593 0.166593
 0.015355 0.040984 0.043701 0.059951 0.040453 0.028425 0.044075 0.041383 0.076918 0.121698 0.143971 0.201124 0.158819 0.158819
Initial population by age
 2403.710060 2398.388693 1817.276293 1942.437415 822.859664 563.006537 594.295202 495.376835 279.647197 145.934923 95.921154 45.324789 20.966809 10.729429
Other exploitation rate = 0.102797
# Average age structure in region 1
#
 0.1867 0.1603 0.1332 0.1130 0.0916 0.0743 0.0588 0.0478 0.0382 0.0292 0.0212 0.0150 0.0098 0.0207

# Annual exploitation rate by age class in region 1
#
 0.0020 0.0019 0.0044 0.0075 0.0114 0.0167 0.0290 0.0280 0.0516 0.0804 0.0943 0.1290 0.1035 0.1035
 0.0019 0.0018 0.0041 0.0071 0.0108 0.0157 0.0273 0.0264 0.0486 0.0758 0.0889 0.1219 0.0976 0.0976
 0.0018 0.0017 0.0039 0.0067 0.0102 0.0149 0.0259 0.0250 0.0462 0.0720 0.0846 0.1160 0.0928 0.0928
 0.0018 0.0017 0.0039 0.0066 0.0100 0.0146 0.0254 0.0246 0.0453 0.0707 0.0830 0.1139 0.0911 0.0911
 0.0018 0.0017 0.0038 0.0066 0.0100 0.0146 0.0253 0.0245 0.0451 0.0704 0.0827 0.1135 0.0908 0.0908
 0.0017 0.0016 0.0037 0.0063 0.0095 0.0139 0.0241 0.0233 0.0430 0.0672 0.0790 0.1084 0.0867 0.0867
 0.0017 0.0016 0.0036 0.0062 0.0094 0.0137 0.0239 0.0231 0.0426 0.0665 0.0781 0.1073 0.0858 0.0858
 0.0017 0.0016 0.0036 0.0062 0.0094 0.0138 0.0240 0.0232 0.0428 0.0668 0.0785 0.1078 0.0862 0.0862
 0.0015 0.0015 0.0034 0.0058 0.0088 0.0128 0.0223 0.0215 0.0398 0.0621 0.0730 0.1004 0.0802 0.0802
 0.0016 0.0015 0.0035 0.0059 0.0090 0.0131 0.0228 0.0220 0.0407 0.0635 0.0747 0.1026 0.0820 0.0820
 0.0032 0.0031 0.0071 0.0120 0.0183 0.0266 0.0460 0.0445 0.0813 0.1254 0.1465 0.1981 0.1602 0.1602
 0.0033 0.0032 0.0073 0.0124 0.0189 0.0275 0.0475 0.0460 0.0839 0.1293 0.1510 0.2040 0.1651 0.1651
 0.0034 0.0033 0.0074 0.0126 0.0191 0.0279 0.0482 0.0467 0.0851 0.1311 0.1530 0.2066 0.1673 0.1673
 0.0035 0.0034 0.0077 0.0131 0.0198 0.0289 0.0498 0.0482 0.0879 0.1352 0.1578 0.2128 0.1725 0.1725
 0.0034 0.0032 0.0074 0.0126 0.0191 0.0278 0.0480 0.0465 0.0848 0.1306 0.1524 0.2059 0.1667 0.1667
 0.0035 0.0033 0.0075 0.0129 0.0195 0.0284 0.0491 0.0475 0.0867 0.1334 0.1557 0.2101 0.1702 0.1702
 0.0037 0.0035 0.0080 0.0137 0.0207 0.0303 0.0522 0.0505 0.0920 0.1414 0.1648 0.2219 0.1801 0.1801
 0.0035 0.0034 0.0077 0.0132 0.0200 0.0291 0.0503 0.0487 0.0887 0.1365 0.1592 0.2146 0.1740 0.1740
 0.0034 0.0033 0.0075 0.0128 0.0194 0.0283 0.0489 0.0473 0.0863 0.1328 0.1550 0.2092 0.1695 0.1695
 0.0036 0.0035 0.0080 0.0136 0.0206 0.0300 0.0517 0.0500 0.0912 0.1401 0.1634 0.2201 0.1786 0.1786
 0.0244 0.0658 0.0685 0.0918 0.0590 0.0362 0.0534 0.0497 0.0902 0.1387 0.1617 0.2179 0.1767 0.1767
 0.0252 0.0675 0.0706 0.0947 0.0615 0.0388 0.0577 0.0538 0.0975 0.1496 0.1742 0.2341 0.1903 0.1903
 0.0242 0.0649 0.0678 0.0910 0.0592 0.0374 0.0556 0.0519 0.0941 0.1444 0.1683 0.2265 0.1839 0.1839
 0.0263 0.0708 0.0737 0.0987 0.0636 0.0393 0.0580 0.0540 0.0978 0.1500 0.1747 0.2347 0.1908 0.1908
 0.0269 0.0726 0.0754 0.1008 0.0645 0.0391 0.0574 0.0533 0.0966 0.1482 0.1727 0.2321 0.1886 0.1886
 0.0290 0.0788 0.0815 0.1085 0.0684 0.0397 0.0576 0.0533 0.0965 0.1481 0.1726 0.2319 0.1885 0.1885
 0.0291 0.0786 0.0815 0.1087 0.0691 0.0410 0.0599 0.0556 0.1005 0.1540 0.1793 0.2406 0.1957 0.1957
 0.0275 0.0738 0.0769 0.1030 0.0667 0.0416 0.0616 0.0574 0.1038 0.1588 0.1848 0.2477 0.2017 0.2017
 0.0243 0.0647 0.0680 0.0915 0.0605 0.0398 0.0598 0.0559 0.1012 0.1551 0.1806 0.2422 0.1971 0.1971
 0.0258 0.0691 0.0723 0.0971 0.0635 0.0407 0.0607 0.0567 0.1026 0.1571 0.1829 0.2452 0.1996 0.1996
 0.0265 0.0677 0.0729 0.0992 0.0707 0.0539 0.0836 0.0790 0.1416 0.2140 0.2476 0.3267 0.2691 0.2691
 0.0282 0.0715 0.0774 0.1053 0.0761 0.0592 0.0921 0.0872 0.1556 0.2341 0.2701 0.3545 0.2931 0.2931
 0.0303 0.0785 0.0836 0.1129 0.0783 0.0564 0.0862 0.0813 0.1454 0.2195 0.2537 0.3343 0.2756 0.2756
 0.0282 0.0724 0.0777 0.1054 0.0744 0.0557 0.0860 0.0812 0.1453 0.2194 0.2536 0.3342 0.2755 0.2755
 0.0271 0.0684 0.0743 0.1014 0.0741 0.0588 0.0918 0.0870 0.1553 0.2336 0.2696 0.3538 0.2926 0.2926
 0.0225 0.0550 0.0611 0.0844 0.0648 0.0556 0.0884 0.0841 0.1504 0.2266 0.2617 0.3442 0.2842 0.2842
 0.0244 0.0614 0.0670 0.0917 0.0675 0.0544 0.0853 0.0809 0.1448 0.2186 0.2528 0.3332 0.2746 0.2746
 0.0234 0.0590 0.0642 0.0879 0.0643 0.0512 0.0803 0.0761 0.1365 0.2067 0.2393 0.3164 0.2602 0.2602
 0.0256 0.0655 0.0705 0.0959 0.0681 0.0515 0.0798 0.0754 0.1354 0.2051 0.2375 0.3142 0.2582 0.2582
 0.0274 0.0714 0.0760 0.1026 0.0705 0.0501 0.0766 0.0721 0.1296 0.1966 0.2279 0.3022 0.2480 0.2480

# Overall Annual exploitation rate by age class
#
 0.0020 0.0019 0.0044 0.0075 0.0114 0.0167 0.0290 0.0280 0.0516 0.0804 0.0943 0.1290 0.1035 0.1035
 0.0019 0.0018 0.0041 0.0071 0.0108 0.0157 0.0273 0.0264 0.0486 0.0758 0.0889 0.1219 0.0976 0.0976
 0.0018 0.0017 0.0039 0.0067 0.0102 0.0149 0.0259 0.0250 0.0462 0.0720 0.0846 0.1160 0.0928 0.0928
 0.0018 0.0017 0.0039 0.0066 0.0100 0.0146 0.0254 0.0246 0.0453 0.0707 0.0830 0.1139 0.0911 0.0911
 0.0018 0.0017 0.0038 0.0066 0.0100 0.0146 0.0253 0.0245 0.0451 0.0704 0.0827 0.1135 0.0908 0.0908
 0.0017 0.0016 0.0037 0.0063 0.0095 0.0139 0.0241 0.0233 0.0430 0.0672 0.0790 0.1084 0.0867 0.0867
 0.0017 0.0016 0.0036 0.0062 0.0094 0.0137 0.0239 0.0231 0.0426 0.0665 0.0781 0.1073 0.0858 0.0858
 0.0017 0.0016 0.0036 0.0062 0.0094 0.0138 0.0240 0.0232 0.0428 0.0668 0.0785 0.1078 0.0862 0.0862
 0.0015 0.0015 0.0034 0.0058 0.0088 0.0128 0.0223 0.0215 0.0398 0.0621 0.0730 0.1004 0.0802 0.0802
 0.0016 0.0015 0.0035 0.0059 0.0090 0.0131 0.0228 0.0220 0.0407 0.0635 0.0747 0.1026 0.0820 0.0820
 0.0032 0.0031 0.0071 0.0120 0.0183 0.0266 0.0460 0.0445 0.0813 0.1254 0.1465 0.1981 0.1602 0.1602
 0.0033 0.0032 0.0073 0.0124 0.0189 0.0275 0.0475 0.0460 0.0839 0.1293 0.1510 0.2040 0.1651 0.1651
 0.0034 0.0033 0.0074 0.0126 0.0191 0.0279 0.0482 0.0467 0.0851 0.1311 0.1530 0.2066 0.1673 0.1673
 0.0035 0.0034 0.0077 0.0131 0.0198 0.0289 0.0498 0.0482 0.0879 0.1352 0.1578 0.2128 0.1725 0.1725
 0.0034 0.0032 0.0074 0.0126 0.0191 0.0278 0.0480 0.0465 0.0848 0.1306 0.1524 0.2059 0.1667 0.1667
 0.0035 0.0033 0.0075 0.0129 0.0195 0.0284 0.0491 0.0475 0.0867 0.1334 0.1557 0.2101 0.1702 0.1702
 0.0037 0.0035 0.0080 0.0137 0.0207 0.0303 0.0522 0.0505 0.0920 0.1414 0.1648 0.2219 0.1801 0.1801
 0.0035 0.0034 0.0077 0.0132 0.0200 0.0291 0.0503 0.0487 0.0887 0.1365 0.1592 0.2146 0.1740 0.1740
 0.0034 0.0033 0.0075 0.0128 0.0194 0.0283 0.0489 0.0473 0.0863 0.1328 0.1550 0.2092 0.1695 0.1695
 0.0036 0.0035 0.0080 0.0136 0.0206 0.0300 0.0517 0.0500 0.0912 0.1401 0.1634 0.2201 0.1786 0.1786
 0.0244 0.0658 0.0685 0.0918 0.0590 0.0362 0.0534 0.0497 0.0902 0.1387 0.1617 0.2179 0.1767 0.1767
 0.0252 0.0675 0.0706 0.0947 0.0615 0.0388 0.0577 0.0538 0.0975 0.1496 0.1742 0.2341 0.1903 0.1903
 0.0242 0.0649 0.0678 0.0910 0.0592 0.0374 0.0556 0.0519 0.0941 0.1444 0.1683 0.2265 0.1839 0.1839
 0.0263 0.0708 0.0737 0.0987 0.0636 0.0393 0.0580 0.0540 0.0978 0.1500 0.1747 0.2347 0.1908 0.1908
 0.0269 0.0726 0.0754 0.1008 0.0645 0.0391 0.0574 0.0533 0.0966 0.1482 0.1727 0.2321 0.1886 0.1886
 0.0290 0.0788 0.0815 0.1085 0.0684 0.0397 0.0576 0.0533 0.0965 0.1481 0.1726 0.2319 0.1885 0.1885
 0.0291 0.0786 0.0815 0.1087 0.0691 0.0410 0.0599 0.0556 0.1005 0.1540 0.1793 0.2406 0.1957 0.1957
 0.0275 0.0738 0.0769 0.1030 0.0667 0.0416 0.0616 0.0574 0.1038 0.1588 0.1848 0.2477 0.2017 0.2017
 0.0243 0.0647 0.0680 0.0915 0.0605 0.0398 0.0598 0.0559 0.1012 0.1551 0.1806 0.2422 0.1971 0.1971
 0.0258 0.0691 0.0723 0.0971 0.0635 0.0407 0.0607 0.0567 0.1026 0.1571 0.1829 0.2452 0.1996 0.1996
 0.0265 0.0677 0.0729 0.0992 0.0707 0.0539 0.0836 0.0790 0.1416 0.2140 0.2476 0.3267 0.2691 0.2691
 0.0282 0.0715 0.0774 0.1053 0.0761 0.0592 0.0921 0.0872 0.1556 0.2341 0.2701 0.3545 0.2931 0.2931
 0.0303 0.0785 0.0836 0.1129 0.0783 0.0564 0.0862 0.0813 0.1454 0.2195 0.2537 0.3343 0.2756 0.2756
 0.0282 0.0724 0.0777 0.1054 0.0744 0.0557 0.0860 0.0812 0.1453 0.2194 0.2536 0.3342 0.2755 0.2755
 0.0271 0.0684 0.0743 0.1014 0.0741 0.0588 0.0918 0.0870 0.1553 0.2336 0.2696 0.3538 0.2926 0.2926
 0.0225 0.0550 0.0611 0.0844 0.0648 0.0556 0.0884 0.0841 0.1504 0.2266 0.2617 0.3442 0.2842 0.2842
 0.0244 0.0614 0.0670 0.0917 0.0675 0.0544 0.0853 0.0809 0.1448 0.2186 0.2528 0.3332 0.2746 0.2746
 0.0234 0.0590 0.0642 0.0879 0.0643 0.0512 0.0803 0.0761 0.1365 0.2067 0.2393 0.3164 0.2602 0.2602
 0.0256 0.0655 0.0705 0.0959 0.0681 0.0515 0.0798 0.0754 0.1354 0.2051 0.2375 0.3142 0.2582 0.2582
 0.0274 0.0714 0.0760 0.1026 0.0705 0.0501 0.0766 0.0721 0.1296 0.1966 0.2279 0.3022 0.2480 0.2480

# Age-summed (5+) overall Annual exploitation rate
#
 0.0307 0.0278 0.0285 0.0296 0.0310 0.0350 0.0383 0.0404 0.0414 0.0440 0.0867 0.0906 0.0804 0.0596 0.0643 0.0716 0.0695 0.0738 0.0759 0.0796 0.0908 0.0951 0.0932 0.0889 0.0818 0.0855 0.0887 0.0966 0.0981 0.1029 0.1315 0.1080 0.0958 0.1030 0.1071 0.1189 0.1271 0.1191 0.0924 0.0796

# Catchability for fishery 1
   1    1    1 1.0138e-01 9.5529e-01
   2    1    1 1.0138e-01 9.8813e-01
   3    1    1 1.0138e-01 9.3701e-01
   4    1    1 1.0138e-01 9.1899e-01
   5    1    1 1.0138e-01 9.1563e-01
   6    1    1 1.0138e-01 1.0902e+00
   7    1    1 1.0138e-01 8.6277e-01
   8    1    1 1.0138e-01 8.6638e-01
   9    1    1 1.0138e-01 1.0051e+00
  10    1    1 1.0138e-01 9.1403e-01
  11    1    1 1.0138e-01 8.8642e-01
  12    1    1 1.0138e-01 1.0239e+00
  13    1    1 1.0138e-01 9.8140e-01
  14    1    1 1.0138e-01 1.0148e+00
  15    1    1 1.0138e-01 1.1726e+00
  16    1    1 1.0138e-01 9.9981e-01
  17    1    1 1.0138e-01 1.0648e+00
  18    1    1 1.0138e-01 9.7086e-01
  19    1    1 1.0138e-01 8.9573e-01
  20    1    1 1.0138e-01 1.0547e+00
  21    1    1 1.0138e-01 9.8778e-01
  22    1    1 1.0138e-01 1.0189e+00
  23    1    1 1.0138e-01 1.2259e+00
  24    1    1 1.0138e-01 9.7351e-01
  25    1    1 1.0138e-01 9.6077e-01
  26    1    1 1.0138e-01 9.1648e-01
  27    1    1 1.0138e-01 9.5624e-01
  28    1    1 1.0138e-01 1.0882e+00
  29    1    1 1.0138e-01 1.0097e+00
  30    1    1 1.0138e-01 9.7764e-01
  31    1    1 1.0138e-01 1.1255e+00
  32    1    1 1.0138e-01 1.0524e+00
  33    1    1 1.0138e-01 1.2506e+00
  34    1    1 1.0138e-01 1.0082e+00
  35    1    1 1.0138e-01 1.1199e+00
  36    1    1 1.0138e-01 1.2015e+00
  37    1    1 1.0138e-01 1.0378e+00
  38    1    1 1.0138e-01 8.8497e-01
  39    1    1 1.0138e-01 8.5135e-01
  40    1    1 1.0138e-01 1.0220e+00
# Catchability for fishery 2
  21    1    1 2.2942e-02 9.0732e-01
  22    1    1 2.2942e-02 1.0219e+00
  23    1    1 2.2942e-02 1.2254e+00
  24    1    1 2.2942e-02 1.0756e+00
  25    1    1 2.2942e-02 1.0057e+00
  26    1    1 2.2942e-02 1.2106e+00
  27    1    1 2.2942e-02 1.0959e+00
  28    1    1 2.2942e-02 1.0198e+00
  29    1    1 2.2942e-02 8.1090e-01
  30    1    1 2.2942e-02 8.7018e-01
  31    1    1 2.2942e-02 8.2968e-01
  32    1    1 2.2942e-02 9.5476e-01
  33    1    1 2.2942e-02 1.1743e+00
  34    1    1 2.2942e-02 1.3397e+00
  35    1    1 2.2942e-02 9.9802e-01
  36    1    1 2.2942e-02 7.8122e-01
  37    1    1 2.2942e-02 9.8808e-01
  38    1    1 2.2942e-02 7.7757e-01
  39    1    1 2.2942e-02 9.6412e-01
  40    1    1 2.2942e-02 1.1847e+00
# The relative distribution of recruitment by region is
 1.000
