# iseed
#  7487
# eff_seed
#  7487
# len_seed
#  9851
# len_dev_seed
#  1507
# rho_sd
  0.01
# catch_sd
  0.05
# sample_size
  100
# effort_sd
  0.10
# catch_mth (OS temporaly add)
  1
# catch_wek (OS temporaly add)
  1
#nyrs (N_sim years)
  50
#nages
  20
#mage (50% maturity age and slope) 
  6 -3
# num_fish (number of fisheries and areas (fleet=area))
   2
# nlint
   50
# effort
 # effort fishery 1
  .0 .0 .0 .0 .0 .0 .0 .0 .0 .0 
  .0 .0 .0 .0 .0 .4 .4 .4 .4 .4 
  .3 .3 .3 .3 .3 .2 .2 .2 .2 .2 
  .1 .1 .1 .1 .1 .05 .05 .05 .05 .05 
  .1 .1 .1 .1 .1 .1 .1 .1 .1 .1 
 # effort fishery 2
  .0 .0 .0 .0 .0 .0 .0 .0 .0 .0 
  .0 .0 .0 .0 .0 .0 .0 .0 .0 .0 
  .0 .0 .0 .0 .0 .0 .0 .0 .0 .0 
  .1 .1 .1 .1 .1 .1 .1 .1 .1 .1 
  .1 .1 .1 .1 .1 .1 .1 .1 .1 .1 
# qchange
 # qchange fishery 1
   1  1  1  1  1  1  1  1  1  1 
   1  1  1  1  1  1  1  1  1  1 
   1  1  1  1  1  1  1  1  1  1 
   1  1  1  1  1  1  1  1  1  1 
   1  1  1  1  1  1  1  1  1  1 
 # qchange fishery 2
   1  1  1  1  1  1  1  1  1  1 
   1  1  1  1  1  1  1  1  1  1 
   1  1  1  1  1  1  1  1  1  1 
   1  1  1  1  1  1  1  1  1  1 
   1  1  1  1  1  1  1  1  1  1 
# M
#age1 x02 x03 x04 x05 x06 x07 x08 x09 x10 x11 x12 x13 x14 x15 x16 x17 x18 x19 x20
# 0.4 0.3 0.2 0.1 0.1 0.1 0.1 0.1 0.1 0.1 0.1 0.1 0.1 0.1 0.1 0.1 0.3 0.3 0.4 0.4
  0.2 0.2 0.2 0.2 0.2 0.2 0.2 0.2 0.2 0.2 0.2 0.2 0.2 0.2 0.2 0.2 0.2 0.2 0.2 0.2
# vbcoff
  20.0  180.0  0.15
#  sd's
#age1 x02 x03 x04 x05 x06 x07 x08 x09 x10 x11 x12 x13 x14 x15 x16 x17 x18 x19 x20
  4.5 4.5 5.0 5.0 5.5 5.5 6.0 6.5 7.0 7.2 7.5 7.5 7.5 7.5 7.5 7.5 7.5 7.5 7.5 7.5
# 4.5 4.5 4.5 4.5 4.5 4.5 4.5 4.5 4.5 4.5 4.5 4.5 4.5 4.5 4.5 4.5 4.5 4.5 4.5 4.5
# mean length sd
#age1 x02 x03 x04 x05 x06 x07 x08 x09 x10 x11 x12 x13 x14 x15 x16 x17 x18 x19 x20
  1.5 1.5 1.5 1.5 1.5 1.5 1.5 1.5 1.5 1.5 1.5 1.5 1.5 1.5 1.5 1.5 1.5 1.5 1.5 1.5
#
# pop1 (population abundance in 1st year for each area)
#age1   x02     x03     x04     x05     x06     x07     x08     x09     x10    x11    x12    x13    x14    x15    x16   x17   x18   x19   x20
# area 1
500000	0	350	300	240	200     160	240	600	3000   14000  22000  22000  18000  10000  7000  5000  3000  2000  1000
# area 2
0	400000	350000	300000	240000	200000  160000	140000	100000	60000  20000  12000  8000   1000   1000   700   500   300   200   100
#
# recruit_sw  (switch: 1= direct-input, 2=Beverton-Holt)
  2
#  recruitment year 2 - nyrs (if sw=1) not ommit
# area 1
    200000 200000 200000 200000 200000 200000 200000 200000 200000 200000 
    200000 200000 200000 200000 200000 200000 200000 200000 200000 200000 
    200000 200000 200000 200000 200000 200000 200000 200000 200000 200000 
    200000 200000 200000 200000 200000 200000 200000 200000 200000 200000 
    200000 200000 200000 200000 200000 200000 200000 200000 200000 
# area 2
    200000 200000 200000 200000 200000 200000 200000 200000 200000 200000 
    200000 200000 200000 200000 200000 200000 200000 200000 200000 200000 
    200000 200000 200000 200000 200000 200000 200000 200000 200000 200000 
    200000 200000 200000 200000 200000 200000 200000 200000 200000 200000 
    200000 200000 200000 200000 200000 200000 200000 200000 200000 
# lnR0
  13
# B0
  100000
# h
  0.75
# v
  0.01
# sigmaR
  0.25
# selectivities
 # sel_sw for each fishery
 1 1
# 1 1 
 # fishery 1
 10  2   0  0    0   0  0    0
 # fishery 2
 #3  0.5 2  0.25 -9  -2 0.25 1 
 10  -2  0  0    0   0  0    0 
# num_move (number of movement = num_fish^2)
 4
# movement
#age1 x02 x03 x04 x05 x06 x07 x08 x09 x10 x11 x12 x13 x14 x15 x16 x17 x18 x19 x20
# 1->1
#  1.0 1.0 1.0 1.0 1.0 1.0 1.0 1.0 1.0 1.0 1.0 1.0 1.0 1.0 1.0 1.0 1.0 1.0 1.0 1.0
0.05	0.06	0.09	0.11	0.15	0.19	0.25	0.31	0.38	0.46	0.54	0.62	0.69	0.75	0.81	0.85	0.89	0.91	0.94	0.95
# 1->2
#  0.0 0.0 0.0 0.0 0.0 0.0 0.0 0.0 0.0 0.0 0.0 0.0 0.0 0.0 0.0 0.0 0.0 0.0 0.0 0.0
0.95	0.94	0.91	0.89	0.85	0.81	0.75	0.69	0.62	0.54	0.46	0.38	0.31	0.25	0.19	0.15	0.11	0.09	0.06	0.05
# 2->1
#  0.0 0.0 0.0 0.0 0.0 0.0 0.0 0.0 0.0 0.0 0.0 0.0 0.0 0.0 0.0 0.0 0.0 0.0 0.0 0.0
0.05	0.06	0.09	0.11	0.15	0.19	0.25	0.31	0.38	0.46	0.54	0.62	0.69	0.75	0.81	0.85	0.89	0.91	0.94	0.95
# 2->2
#  1.0 1.0 1.0 1.0 1.0 1.0 1.0 1.0 1.0 1.0 1.0 1.0 1.0 1.0 1.0 1.0 1.0 1.0 1.0 1.0
0.95	0.94	0.91	0.89	0.85	0.81	0.75	0.69	0.62	0.54	0.46	0.38	0.31	0.25	0.19	0.15	0.11	0.09	0.06	0.05
# spawn_area_sw (option; 0= all area, 1= spawn and recruit at first area.)
 1
#  1
# catchability
# fishery 1
   1.0
# fishery 2
   1.0
# Length(cm)-Weight(kg) relationship; W=aL^b (2 para)
 0.00002 3
