# Rho_sd    
 0.05 
# Catch_sd    
 0.05 
# Sample size 
 400 
# effort_sd
   0.2
#nyrs
  40
#nages
  14
# num_fisheries
   2
# nlint
   50
# effort
# fishery 1                 
  0.1 0.1 0.1 0.1 0.1 0.1 0.1 0.1 0.1 0.1 
  0.2 0.2 0.2 0.2 0.2 0.2 0.2 0.2 0.2 0.2 
  0.2 0.2 0.2 0.2 0.2 0.2 0.2 0.2 0.2 0.2 
  0.3 0.3 0.3 0.3 0.3 0.3 0.3 0.3 0.3 0.3 
# fishery 2                 
  0.00001 0.00001 0.00001 0.00001 0.00001 0.00001 0.00001 0.00001 0.00001 0.00001 
  0.00001 0.00001 0.00001 0.00001 0.00001 0.00001 0.00001 0.00001 0.00001 0.00001 
  0.1 0.1 0.1 0.1 0.1 0.1 0.1 0.1 0.1 0.1 
  0.1 0.1 0.1 0.1 0.1 0.1 0.1 0.1 0.1 0.1 
# qchange fishery 1
   1  1  1  1  1  1   1   1  1  1 
   1  1  1  1  1  1   1   1  1  1 
   1  1  1  1  1  1   1   1  1  1 
   1  1  1  1  1  1   1   1  1  1 
# qchange fishery 1
  1. 1. 1. 1. 1. 1. 1. 1. 1. 1. 
  1. 1. 1. 1. 1. 1. 1. 1. 1. 1. 
  1. 1. 1. 1. 1. 1. 1. 1. 1. 1. 
  1. 1. 1. 1. 1. 1. 1. 1. 1. 1. 
# M
# .3 .2 .1 .1 .1 .1 .1 .1 .1 .1 .3 .3 .4 .4
  .2 .2 .2 .2 .2 .2 .2 .2 .2 .2 .2 .2 .2 .2
# vbcoff
  29.0  100.0  .15
#  sd's
#
  4.5 4.5 5.0 5.0 5.5 5.5 6.0 6.5 7.0 7.2 7.5 7.5 7.5 7.5
# 4.5 4.5 4.5 4.5 4.5 4.5 4.5 4.5 4.5 4.5 4.5 4.5 4.5 4.5
# mean length sd
   1.5 1.5 1.5 1.5 1.5 1.5 1.5 1.5 1.5 1.5 1.5 1.5 1.5 1.5
#
# pop in year 1
#
  2000 1800 1400 1000 900 700 400 400 100 100 100 50  50 25
#
#  recruitment year 2 - nyrs
#
    1000 100 1000 1000 1000 
    1000 1000 1000 1000 1000 
    1000 100 1000 1000 1000 
     700 700 700 700 700
     700 100 700 700 700
     700 700 100 100 700
     500 500 500 500 500
     500 500 100 500 
# selectivities
# fishery 1
  .05 .05 .1  .1 .2 .2 .3 .4 .7 .9 1.0 1.0 1.0 1.0
# fishery 2
  .3 .7 .9  1.0 .6 .2 .1 .0 .0 .0 0.0 0.0 0.0 0.0
# catchability
# fishery 1
   1.0
# fishery 2
   1.0
