# Rho_sd    Trend in q
 0 
# catch_sd    Trend in q
 0.05 
# sample_size
400
# effort_sd
   0.2
#nyrs
  40
#nages
  14
# num_fisheries
   2
# nlint
   50
# effort
# fishery 1                 
  0.1 0.1 0.1 0.1 0.1 0.1 0.1 0.1 0.1 0.1 
  0.2 0.2 0.2 0.2 0.2 0.2 0.2 0.2 0.2 0.2 
  0.2 0.2 0.2 0.2 0.2 0.2 0.2 0.2 0.2 0.2 
  0.3 0.3 0.3 0.3 0.3 0.3 0.3 0.3 0.3 0.3 
# fishery 2                 
  0.00001 0.00001 0.00001 0.00001 0.00001 0.00001 0.00001 0.00001 0.00001 0.00001 
  0.00001 0.00001 0.00001 0.00001 0.00001 0.00001 0.00001 0.00001 0.00001 0.00001 
  0.1 0.1 0.1 0.1 0.1 0.1 0.1 0.1 0.1 0.1 
  0.1 0.1 0.1 0.1 0.1 0.1 0.1 0.1 0.1 0.1 
# qchange fishery 1
#   1  1  1  1  1  1   1   1  1  1 1  1  1  1  1  1   1   1  1  1 1  1  1  1  1  1   1   1  1  1 1  1  1  1  1  1   1   1  1  1 
# 2% change per year
0.662229912 0.67547451  0.688984  0.70276368  0.716818954 0.731155333 0.74577844  0.760694008 0.775907889 0.791426046 0.807254567 0.823399659 0.839867652 0.856665005 0.873798305 0.891274271 0.909099757 0.927281752 0.945827387 0.964743934 0.984038813 1.003719589 1.023793981 1.044269861 1.065155258 1.086458363 1.10818753  1.130351281 1.152958307 1.176017473 1.199537822 1.223528579 1.24799915  1.272959133 1.298418316 1.324386682 1.350874416 1.377891904 1.405449742 1.433558737
# qchange fishery 1
 # 1. 1. 1. 1. 1. 1. 1. 1. 1. 1. 1. 1. 1. 1. 1. 1. 1. 1. 1. 1. 1. 1. 1. 1. 1. 1. 1. 1. 1. 1. 1. 1. 1. 1. 1. 1. 1. 1. 1. 1. 
# 2% change per year
0.662229912 0.67547451  0.688984  0.70276368  0.716818954 0.731155333 0.74577844  0.760694008 0.775907889 0.791426046 0.807254567 0.823399659 0.839867652 0.856665005 0.873798305 0.891274271 0.909099757 0.927281752 0.945827387 0.964743934 0.984038813 1.003719589 1.023793981 1.044269861 1.065155258 1.086458363 1.10818753  1.130351281 1.152958307 1.176017473 1.199537822 1.223528579 1.24799915  1.272959133 1.298418316 1.324386682 1.350874416 1.377891904 1.405449742 1.433558737
# M
# .3 .2 .1 .1 .1 .1 .1 .1 .1 .1 .3 .3 .4 .4
  .2 .2 .2 .2 .2 .2 .2 .2 .2 .2 .2 .2 .2 .2
# vbcoff
  29.0  100.0  .15
#  sd's
#
  4.5 4.5 5.0 5.0 5.5 5.5 6.0 6.5 7.0 7.2 7.5 7.5 7.5 7.5
# 4.5 4.5 4.5 4.5 4.5 4.5 4.5 4.5 4.5 4.5 4.5 4.5 4.5 4.5
# mean length sd
   1.5 1.5 1.5 1.5 1.5 1.5 1.5 1.5 1.5 1.5 1.5 1.5 1.5 1.5
#
# pop in year 1
#
  2000 1800 1400 1000 900 700 400 400 100 100 100 50  50 25
#
#  recruitment year 2 - nyrs
#
    1000 100  1000 1000 1000 
    1000 1000 1000 1000 1000 
    1000 100  1000 1000 1000 
     700 700  700   700  700
     700 100  700   700  700
     700 700  100   100  700
     500 500  500   500  500
     500 500  100   500 
# selectivities
# fishery 1
  .05 .05 .1  .1 .2 .2 .3 .4 .7 .9 1.0 1.0 1.0 1.0
# fishery 2
  .3 .7 .9  1.0 .6 .2 .1 .0 .0 .0 0.0 0.0 0.0 0.0
# catchability
# fishery 1
   1.0
# fishery 2
   1.0
