# Rho_sd    
 0 
# Catch_sd    
 0.05 
# Sample size Flat trajectory
 400 
# effort_sd
   0.2
#nyrs
  40
#nages
  14
# num_fisheries
   2
# nlint
   50
# effort
# fishery 1                 
 0.1 0.1 0.1 0.1 0.1 0.1 0.1 0.1 0.1 0.1 0.1 0.1 0.1 0.1 0.1 0.1 0.1 0.1 0.1 0.1 0.1 0.1 0.1 0.1 0.1 0.1 0.1 0.1 0.1 0.1 0.1 0.1 0.1 0.1 0.1 0.1 0.1 0.1 0.1 0.1
# fishery 2                 
  0.00001 0.00001 0.00001 0.00001 0.00001 0.00001 0.00001 0.00001 0.00001 0.00001 
  0.00001 0.00001 0.00001 0.00001 0.00001 0.00001 0.00001 0.00001 0.00001 0.00001 
  0.1 0.1 0.1 0.1 0.1 0.1 0.1 0.1 0.1 0.1 
  0.1 0.1 0.1 0.1 0.1 0.1 0.1 0.1 0.1 0.1 
# qchange fishery 1
   1  1  1  1  1  1   1   1  1  1 
   1  1  1  1  1  1   1   1  1  1 
   1  1  1  1  1  1   1   1  1  1 
   1  1  1  1  1  1   1   1  1  1 
# qchange fishery 1
  1. 1. 1. 1. 1. 1. 1. 1. 1. 1. 
  1. 1. 1. 1. 1. 1. 1. 1. 1. 1. 
  1. 1. 1. 1. 1. 1. 1. 1. 1. 1. 
  1. 1. 1. 1. 1. 1. 1. 1. 1. 1. 
# M
# .3 .2 .1 .1 .1 .1 .1 .1 .1 .1 .3 .3 .4 .4
  .2 .2 .2 .2 .2 .2 .2 .2 .2 .2 .2 .2 .2 .2
# vbcoff
  29.0  100.0  .15
#  sd's
#
  4.5 4.5 5.0 5.0 5.5 5.5 6.0 6.5 7.0 7.2 7.5 7.5 7.5 7.5
# 4.5 4.5 4.5 4.5 4.5 4.5 4.5 4.5 4.5 4.5 4.5 4.5 4.5 4.5
# mean length sd
   1.5 1.5 1.5 1.5 1.5 1.5 1.5 1.5 1.5 1.5 1.5 1.5 1.5 1.5
#
# pop in year 1
#
1000  818.7307531 670.320046  548.8116361 449.3289641 367.8794412 301.1942119 246.5969639 201.896518  165.2988882 135.3352832 110.8031584 90.71795329 74.27357821
#
#  recruitment year 2 - nyrs
#
  1000  1050  1100  1150  1200  1250  1300  1350  1400  1450  1500  1550  1600  1650  1700  1750  1800  1850  1900  1950  2000  2050  2100  2150  2200  2250  2300  2350  2400  2450  2500  2550  2600  2650  2700  2750  2800  2850  2900
# selectivities
# fishery 1
  .05 .05 .1  .1 .2 .2 .3 .4 .7 .9 1.0 1.0 1.0 1.0
# fishery 2
  .3 .7 .9  1.0 .6 .2 .1 .0 .0 .0 0.0 0.0 0.0 0.0
# catchability
# fishery 1
   1.0
# fishery 2
   1.0
