# The parest_flags
 2500 0 0 0 0 0 0 0 0 0 0 1 1 1 1 1 0 0 0 16 0 0 10 0 0 0 0 0 0 0 0 0 0 0 0 0 0 0 0 0 0 0 0 0 0 0 0 0 0 0 0 0 0 0 0 0 0 0 0 0 0 0 0 0 0 0 0 0 0 0 0 0 0 0 0 0 0 0 0 0 0 0 0 0 0 0 0 0 0 0 0 0 0 0 0 0 0 0 0 0 0 0 0 0 0 0 0 0 0 0 0 0 0 0 0 0 0 0 0 0 0 0 0 0 0 0 0 0 0 0 0 0 0 0 0 0 0 0 0 0 3 0 0 0 0 25 0 0 0 0 0 0 0 0 0 0 0 0 0 0 0 0 0 0 0 0 0 0 0 0 0 0 0 0 0 0 0 0 0 0 0 0 0 0 0 0 0 0 0 1 0 0 0 0 0 0 0 0 0 1019

# The number of age classes
14
# age flags
 0 0 0 0 0 0 0 0 0 0 0 0 0 0 0 0 0 0 0 0 0 0 0 0 0 0 0 0 0 1 1 1 0 1 6 2 0 0 0 0 1 0 0 0 0 0 0 0 0 1 0 0 0 0 0 0 0 0 0 0 0 0 0 0 0 0 0 0 0 0 0 0 0 0 0 0 0 0 0 0 0 0 0 0 0 0 0 0 0 0 0 0 0 0 0 0 0 0 0 0 0 0 0 0 0 0 0 0 0 0 0 0 0 0 0 0 0 0 0 0 0 0 0 0 0 0 0 0 0 0 0 0 0 0 0 0 0 0 0 0 0 0 0 10000 0 0 0 0 0 0 0 0 0 0 0 0 0 0 0 0 0 0 0 0 0 0 0 0 0 0 0 0 0 0 0 0 0 0 0 0 0 0 0 0 0 0 0 0 0 0 0 0 0 0 0 0 0 0 0 0

# fish flags
 1 0 13 2 0 0 0 0 0 0 0 0 0 0 0 1 0 0 0 0 0 0 0 0 0 0 0 0 0 0 0 0 0 0 0 0 0 0 0 0 0 0 0 0 0 0 0 0 0 0
 1 0 13 2 0 0 0 0 0 0 0 0 0 0 0 0 0 0 0 0 0 0 0 0 0 0 0 0 0 0 0 0 0 0 0 0 0 0 0 0 0 0 0 0 0 0 0 0 0 0
# region control flags 
 0
 0
 0
 0
 0
 0
 0
 0
 0
 0
# percent maturity 
 0.000000000000 0.000000000000 0.000000000000 0.000000000000 0.000000000000 0.000000000000 0.000000000000 0.000000000000 0.000000000000 0.000000000000 0.000000000000 0.000000000000 0.000000000000 0.000000000000
# total populations scaling parameter 
6.298540229342
# recruitment times 
 0 0 0 0 0 0 0 0 0 0 0 0
# relative recruitment 
#
 4.354383253350e+00 2.098037422871e+00 1.197686319979e+00 1.447558106625e+00 1.788464030938e+00 1.721737718479e+00 2.216559891042e+00 1.905968949258e+00 1.906070660946e+00 2.612799909531e+00 1.655049558587e+00 1.731975485808e+00 6.548478490343e-01 1.447796953115e+00 2.011621485327e+00 1.776497774831e+00 1.471761981088e+00 1.428942935555e+00 1.381878794306e+00 1.545434062738e+00 1.439847017913e+00 1.037027560952e+00 4.376753983354e-01 1.202859352882e+00 1.378791812788e+00 1.254281158693e+00 1.294991982076e+00 1.136538443966e+00 3.627135939979e-01 2.093878628163e-01 1.250632535001e+00 9.813108127258e-01 8.860799521855e-01 9.494106977425e-01 1.028989243163e+00 9.773269687916e-01 9.964255375846e-01 9.252393304747e-01 2.673064374431e-01 7.678337353016e-01

# Reporting rate dev coffs
# 

# availability coffs 
# 
  0   0   0   0   0   0   0   0   0   0   0   0   0   0 

# relative initial population 
# junk number1.234567800000e+03
 4.055992282652e+00 2.885458084639e+00 2.603899476140e+00 1.598513401560e+00 1.595208779915e+00 1.465172305982e+00 4.998841256654e-01 1.765819373749e-01 9.990058185432e-02 9.566331122192e-02 1.288382206518e-01 1.964485262865e-01 3.078253424134e-01
# fishery selectivity 
# junk number1.234567800000e+03
 9.534359235263e-02 1.021902831267e-01 2.061534243314e-01 2.279129876546e-01 4.369208236016e-01 4.902431417960e-01 6.710826496702e-01 1.309772707204e+00 1.425722773236e+00 1.437123671048e+00 1.842739524800e+00 1.915813240903e+00 1.914989690077e+00 1.000000000000e+00
 1.056724134640e+00 2.755554515725e+00 3.543532046428e+00 3.511589510789e+00 1.740496433794e+00 7.894407044714e-01 2.238390500062e-01 5.915878311901e-02 2.164261047795e-02 1.326244650878e-02 1.477389323704e-02 3.120460770561e-02 1.244219832757e-01 1.000000000000e+00

# natural mortality coefficient 
# 
0.200000000000
# average catchability coefficients 
# 

 0.082601914510 0.026110920861

# initial trend in catchability coefficients 
# 
 0.000000000000 0.000000000000
# effort deviation coefficients 
# junk number1.234567800000e+03
# diffusion coefficients 
 0.000000000000
# age dependent diffusion coefficients 
 0.000000000000
# nonlinear diffusion coefficients 
 0.000000000000
# regional recruitment variation 
  0 
  0 
  0 
  0 
  0 
  0 
  0 
  0 
  0 
  0 
  0 
  0 
  0 
  0 
  0 
  0 
  0 
  0 
  0 
  0 
  0 
  0 
  0 
  0 
  0 
  0 
  0 
  0 
  0 
  0 
  0 
  0 
  0 
  0 
  0 
  0 
  0 
  0 
  0 
  0 

# effort deviation coefficients 
 0.041250513528 0.012605556071 0.006678558997 -0.145484503900 0.030025884079 0.045388577750 -0.140031577890 0.068228243372 0.003891982832 0.108931733201 0.081788508952 -0.073045330791 -0.074505802167 -0.017756699316 0.082778835347 0.217075075779 -0.058281212495 0.023065529197 -0.062462726200 -0.074874938666 -0.105353378304 0.014861699015 -0.069148138318 0.052976531702 -0.084175066840 0.100501853299 0.036093818182 0.055953896519 -0.000182757213 0.027505345185 -0.047657456797 0.098599491853 0.001435273894 0.017570163000 -0.051743646266 -0.129161661048 0.068877671331 0.005823316543 -0.166287774526 0.098603456884
 -0.063598586842 -0.041537601840 -0.032091905610 0.004669839701 0.023971450362 0.198401760786 0.105412271720 -0.039132140191 -0.041272376503 0.041678390234 -0.174262597028 0.104957952055 -0.099795095285 0.017433398063 -0.222959761405 -0.009396805563 -0.022383459765 0.176328425557 0.059855013411 0.012859474463

# correlation in selectivity deviations 
# junk number1.234567800000e+03
  0   0 

# extra fishery parameters 
# 

  0   0 
  0   0 
 1.000000000000 1.000000000000
  0   0 
  0   0 
  0   0 
  0   0 
  0   0 
  0   0 
  0   0 

# extra age-class related parameters 
# 

  0   0   0   0   0   0   0   0   0   0   0   0   0   0 
  0   0   0   0   0   0   0   0   0   0   0   0   0   0 
  0   0   0   0   0   0   0   0   0   0   0   0   0   0 
  0   0   0   0   0   0   0   0   0   0   0   0   0   0 
  0   0   0   0   0   0   0   0   0   0   0   0   0   0 

# region parameters 
  0 
  0 
  0 
  0 
  0 
  0 
  0 
  0 
  0 
  0 

# catchability deviation coefficients 
# 
  0   0   0   0   0   0   0   0   0   0   0   0   0   0   0   0   0   0   0   0   0   0   0   0   0   0   0   0   0   0   0   0   0   0   0   0   0   0   0 
  0   0   0   0   0   0   0   0   0   0   0   0   0   0   0   0   0   0   0 

# selectivity deviation coefficients 
# 

  0   0   0   0   0   0   0   0   0   0   0   0   0   0 
  0   0   0   0   0   0   0   0   0   0   0   0   0   0 
  0   0   0   0   0   0   0   0   0   0   0   0   0   0 
  0   0   0   0   0   0   0   0   0   0   0   0   0   0 
  0   0   0   0   0   0   0   0   0   0   0   0   0   0 
  0   0   0   0   0   0   0   0   0   0   0   0   0   0 
  0   0   0   0   0   0   0   0   0   0   0   0   0   0 
  0   0   0   0   0   0   0   0   0   0   0   0   0   0 
  0   0   0   0   0   0   0   0   0   0   0   0   0   0 
  0   0   0   0   0   0   0   0   0   0   0   0   0   0 
  0   0   0   0   0   0   0   0   0   0   0   0   0   0 
  0   0   0   0   0   0   0   0   0   0   0   0   0   0 
  0   0   0   0   0   0   0   0   0   0   0   0   0   0 
  0   0   0   0   0   0   0   0   0   0   0   0   0   0 
  0   0   0   0   0   0   0   0   0   0   0   0   0   0 
  0   0   0   0   0   0   0   0   0   0   0   0   0   0 
  0   0   0   0   0   0   0   0   0   0   0   0   0   0 
  0   0   0   0   0   0   0   0   0   0   0   0   0   0 
  0   0   0   0   0   0   0   0   0   0   0   0   0   0 
  0   0   0   0   0   0   0   0   0   0   0   0   0   0 
  0   0   0   0   0   0   0   0   0   0   0   0   0   0 
  0   0   0   0   0   0   0   0   0   0   0   0   0   0 
  0   0   0   0   0   0   0   0   0   0   0   0   0   0 
  0   0   0   0   0   0   0   0   0   0   0   0   0   0 
  0   0   0   0   0   0   0   0   0   0   0   0   0   0 
  0   0   0   0   0   0   0   0   0   0   0   0   0   0 
  0   0   0   0   0   0   0   0   0   0   0   0   0   0 
  0   0   0   0   0   0   0   0   0   0   0   0   0   0 
  0   0   0   0   0   0   0   0   0   0   0   0   0   0 
  0   0   0   0   0   0   0   0   0   0   0   0   0   0 
  0   0   0   0   0   0   0   0   0   0   0   0   0   0 
  0   0   0   0   0   0   0   0   0   0   0   0   0   0 
  0   0   0   0   0   0   0   0   0   0   0   0   0   0 
  0   0   0   0   0   0   0   0   0   0   0   0   0   0 
  0   0   0   0   0   0   0   0   0   0   0   0   0   0 
  0   0   0   0   0   0   0   0   0   0   0   0   0   0 
  0   0   0   0   0   0   0   0   0   0   0   0   0   0 
  0   0   0   0   0   0   0   0   0   0   0   0   0   0 
  0   0   0   0   0   0   0   0   0   0   0   0   0   0 
  0   0   0   0   0   0   0   0   0   0   0   0   0   0 
  0   0   0   0   0   0   0   0   0   0   0   0   0   0 
  0   0   0   0   0   0   0   0   0   0   0   0   0   0 
  0   0   0   0   0   0   0   0   0   0   0   0   0   0 
  0   0   0   0   0   0   0   0   0   0   0   0   0   0 
  0   0   0   0   0   0   0   0   0   0   0   0   0   0 
  0   0   0   0   0   0   0   0   0   0   0   0   0   0 
  0   0   0   0   0   0   0   0   0   0   0   0   0   0 
  0   0   0   0   0   0   0   0   0   0   0   0   0   0 
  0   0   0   0   0   0   0   0   0   0   0   0   0   0 
  0   0   0   0   0   0   0   0   0   0   0   0   0   0 
  0   0   0   0   0   0   0   0   0   0   0   0   0   0 
  0   0   0   0   0   0   0   0   0   0   0   0   0   0 
  0   0   0   0   0   0   0   0   0   0   0   0   0   0 
  0   0   0   0   0   0   0   0   0   0   0   0   0   0 
  0   0   0   0   0   0   0   0   0   0   0   0   0   0 
  0   0   0   0   0   0   0   0   0   0   0   0   0   0 
  0   0   0   0   0   0   0   0   0   0   0   0   0   0 
  0   0   0   0   0   0   0   0   0   0   0   0   0   0 

# sel_dev_coffs 
  0   0   0   0   0   0   0   0   0   0   0   0   0   0 
  0   0   0   0   0   0   0   0   0   0   0   0   0   0 
  0   0   0   0   0   0   0   0   0   0   0   0   0   0 
  0   0   0   0   0   0   0   0   0   0   0   0   0   0 
  0   0   0   0   0   0   0   0   0   0   0   0   0   0 
  0   0   0   0   0   0   0   0   0   0   0   0   0   0 
  0   0   0   0   0   0   0   0   0   0   0   0   0   0 
  0   0   0   0   0   0   0   0   0   0   0   0   0   0 
  0   0   0   0   0   0   0   0   0   0   0   0   0   0 
  0   0   0   0   0   0   0   0   0   0   0   0   0   0 
  0   0   0   0   0   0   0   0   0   0   0   0   0   0 
  0   0   0   0   0   0   0   0   0   0   0   0   0   0 
  0   0   0   0   0   0   0   0   0   0   0   0   0   0 
  0   0   0   0   0   0   0   0   0   0   0   0   0   0 
  0   0   0   0   0   0   0   0   0   0   0   0   0   0 
  0   0   0   0   0   0   0   0   0   0   0   0   0   0 
  0   0   0   0   0   0   0   0   0   0   0   0   0   0 
  0   0   0   0   0   0   0   0   0   0   0   0   0   0 
  0   0   0   0   0   0   0   0   0   0   0   0   0   0 
  0   0   0   0   0   0   0   0   0   0   0   0   0   0 
  0   0   0   0   0   0   0   0   0   0   0   0   0   0 
  0   0   0   0   0   0   0   0   0   0   0   0   0   0 
  0   0   0   0   0   0   0   0   0   0   0   0   0   0 
  0   0   0   0   0   0   0   0   0   0   0   0   0   0 
  0   0   0   0   0   0   0   0   0   0   0   0   0   0 
  0   0   0   0   0   0   0   0   0   0   0   0   0   0 
  0   0   0   0   0   0   0   0   0   0   0   0   0   0 
  0   0   0   0   0   0   0   0   0   0   0   0   0   0 
  0   0   0   0   0   0   0   0   0   0   0   0   0   0 
  0   0   0   0   0   0   0   0   0   0   0   0   0   0 
  0   0   0   0   0   0   0   0   0   0   0   0   0   0 
  0   0   0   0   0   0   0   0   0   0   0   0   0   0 
  0   0   0   0   0   0   0   0   0   0   0   0   0   0 
  0   0   0   0   0   0   0   0   0   0   0   0   0   0 
  0   0   0   0   0   0   0   0   0   0   0   0   0   0 
  0   0   0   0   0   0   0   0   0   0   0   0   0   0 
  0   0   0   0   0   0   0   0   0   0   0   0   0   0 
  0   0   0   0   0   0   0   0   0   0   0   0   0   0 
  0   0   0   0   0   0   0   0   0   0   0   0   0   0 
  0   0   0   0   0   0   0   0   0   0   0   0   0   0 

  0   0   0   0   0   0   0   0   0   0   0   0   0   0 
  0   0   0   0   0   0   0   0   0   0   0   0   0   0 
  0   0   0   0   0   0   0   0   0   0   0   0   0   0 
  0   0   0   0   0   0   0   0   0   0   0   0   0   0 
  0   0   0   0   0   0   0   0   0   0   0   0   0   0 
  0   0   0   0   0   0   0   0   0   0   0   0   0   0 
  0   0   0   0   0   0   0   0   0   0   0   0   0   0 
  0   0   0   0   0   0   0   0   0   0   0   0   0   0 
  0   0   0   0   0   0   0   0   0   0   0   0   0   0 
  0   0   0   0   0   0   0   0   0   0   0   0   0   0 
  0   0   0   0   0   0   0   0   0   0   0   0   0   0 
  0   0   0   0   0   0   0   0   0   0   0   0   0   0 
  0   0   0   0   0   0   0   0   0   0   0   0   0   0 
  0   0   0   0   0   0   0   0   0   0   0   0   0   0 
  0   0   0   0   0   0   0   0   0   0   0   0   0   0 
  0   0   0   0   0   0   0   0   0   0   0   0   0   0 
  0   0   0   0   0   0   0   0   0   0   0   0   0   0 
  0   0   0   0   0   0   0   0   0   0   0   0   0   0 
  0   0   0   0   0   0   0   0   0   0   0   0   0   0 
  0   0   0   0   0   0   0   0   0   0   0   0   0   0 


# The von Bertalanffy parameters
29.311623705916  20.000000000000   40.000000000000 
100.127524311517  90.000000000000   180.000000000000 
0.153933404155   0   0.200000000000 
# First Length bias parameters
  0   0 

# Common first Length bias flags
 0 0 0

# Common first Length bias coffs
  0   0 

# Seasonal growth parameters
  0   0   0   0   0   0   0   0   0   0   0   0   0   0   0   0   0   0   0   0 

# Cohort specific growth deviations
  0   0   0   0   0   0   0   0   0   0   0   0   0   0   0   0   0   0   0   0   0   0   0   0   0   0   0   0   0   0   0   0   0   0   0   0   0   0   0   0 

# Variance parameters
5.669571954156  1.500000000000   8.500000000000 
0.260857187550  -0.690000000000   0.690000000000 
# The number of mean constraints
0
# The diffusion coefficients
  0 

# Objective function value
   9141.136070428733
# The number of parameters
   147
# Penalty for mean length constraints
   -9.595205277886
# Maximum magnitude gradient value 
0.000000149418
# Average fish mort per fishing incident is 0.063407
# Average fish mort per year is 0.095111
# Average fish mort per year by age class is 
# 0.021529 0.044105 0.062860 0.064235 0.058466 0.050526 0.058062 0.108426 0.117471 0.118300 0.151660 0.157879 0.159019 0.159019
