# The parest_flags
 2500 0 0 0 0 0 0 0 0 0 0 1 1 1 1 1 0 0 0 16 0 0 10 0 0 0 0 0 0 0 0 0 0 0 0 0 0 0 0 0 0 0 0 0 0 0 0 0 0 0 0 0 0 0 0 0 0 0 0 0 0 0 0 0 0 0 0 0 0 0 0 0 0 0 0 0 0 0 0 0 0 0 0 0 0 0 0 0 0 0 0 0 0 0 0 0 0 0 0 0 0 0 0 0 0 0 0 0 0 0 0 0 0 0 0 0 0 0 0 0 0 0 0 0 0 0 0 0 0 0 0 0 0 0 0 0 0 0 0 0 0 0 0 0 0 25 0 0 0 0 0 0 0 0 0 0 0 0 0 0 0 0 0 0 0 0 0 0 0 0 0 0 0 0 0 0 0 0 0 0 0 0 0 0 0 0 0 0 1 1 0 0 0 0 0 0 0 0 0 1018

# The number of age classes
14
# age flags
 0 0 0 0 0 0 0 0 0 0 0 0 0 0 0 0 0 0 0 0 0 0 0 0 0 0 0 0 0 1 1 1 0 1 6 2 0 0 0 0 1 0 0 0 0 0 0 0 0 1 0 0 0 0 0 0 0 0 0 0 0 0 0 0 0 0 0 0 0 0 0 0 0 0 0 0 0 0 0 0 0 0 0 0 0 0 0 0 0 0 0 0 0 0 0 0 0 0 0 0 0 0 0 0 0 0 0 0 0 0 0 0 0 0 0 0 0 0 0 0 0 0 0 0 0 0 0 0 0 0 0 0 0 0 0 0 0 0 0 0 0 0 0 10000 0 0 0 0 0 0 0 0 0 0 0 0 0 0 0 0 0 0 0 0 0 0 0 0 0 0 0 0 0 0 0 0 0 0 0 0 0 0 0 0 0 0 0 0 0 0 0 0 0 0 0 0 0 0 0 0

# fish flags
 1 0 13 2 0 0 0 0 0 0 0 0 0 0 0 0 0 0 0 0 0 0 0 0 0 0 0 0 0 0 0 0 0 0 0 0 0 0 0 0
 1 0 13 2 0 0 0 0 0 0 0 0 0 0 0 0 0 0 0 0 0 0 0 0 0 0 0 0 0 0 0 0 0 0 0 0 0 0 0 0
# region control flags 
 0
 0
 0
 0
 0
 0
 0
 0
 0
 0
# percent maturity 
 0.000000000000 0.000000000000 0.000000000000 0.000000000000 0.000000000000 0.000000000000 0.000000000000 0.000000000000 0.000000000000 0.000000000000 0.000000000000 0.000000000000 0.000000000000 0.000000000000
# total populations scaling parameter 
6.152866129410
# recruitment times 
 0 0 0 0 0 0 0 0 0 0 0 0
# relative recruitment 
#
 5.358955416552e+00 2.052429220549e+00 2.357688857586e-01 1.764577582898e+00 1.833864337386e+00 9.318606524445e-01 5.398767279878e+00 1.318734387278e+00 1.720154403128e+00 2.535084089439e+00 3.876831064538e+00 1.490740508706e+00 1.576363646083e-01 1.611419700838e+00 2.884026499882e+00 1.835556296861e+00 1.543376321924e+00 2.377973690820e+00 1.066154568371e+00 1.777920108665e+00 1.644161279519e+00 1.471532708093e+00 1.991064986319e-01 1.272238453607e+00 1.654161930228e+00 1.544214285090e+00 1.835759220663e+00 1.427329022565e+00 2.269663430375e-01 6.951772556928e-02 1.523681482755e+00 1.102542851629e+00 9.948571856732e-01 8.882810522959e-01 1.425519323452e+00 1.147394856288e+00 1.283718100554e+00 9.987261346920e-01 6.708351781394e-02 1.614520027013e+00

# Reporting rate dev coffs
# 

# availability coffs 
# 
  0   0   0   0   0   0   0   0   0   0   0   0   0   0 

# relative initial population 
# junk number1.234567800000e+03
 5.764103801293e+00 3.737397942829e+00 3.748218642290e+00 2.533878649876e+00 1.656411623173e+00 2.236539305502e+00 7.763358064117e-01 2.450570362450e-01 1.911987822479e-01 2.622387527093e-01 3.741856465017e-01 8.799933736580e-02 1.466349651521e-02
# fishery selectivity 
# junk number1.234567800000e+03
 4.936335664791e-02 5.621291866317e-02 1.306444391638e-01 1.442944310047e-01 3.597259025327e-01 3.537334445130e-01 7.244432311349e-01 9.999185906330e-01 1.805470074261e+00 1.446035814878e+00 1.705196120665e+00 2.841489467965e+00 1.691749868612e+00 1.000000000000e+00
 8.310657110723e-01 3.446893259959e+00 4.479876253525e+00 3.400009912052e+00 1.533382422616e+00 2.881546333841e-01 7.791905285284e-02 3.320245465017e-03 9.747023140272e-05 4.928897961961e-06 1.086529525753e-06 2.666541255550e-06 1.881553728682e-04 1.000000000000e+00

# natural mortality coefficient 
# 
0.200000000000
# average catchability coefficients 
# 

 0.091211639818 0.025093019577

# initial trend in catchability coefficients 
# 
 0.000000000000 0.000000000000
# effort deviation coefficients 
# junk number1.234567800000e+03
# diffusion coefficients 
 0.000000000000
# age dependent diffusion coefficients 
 0.000000000000
# nonlinear diffusion coefficients 
 0.000000000000
# regional recruitment variation 
  0 
  0 
  0 
  0 
  0 
  0 
  0 
  0 
  0 
  0 
  0 
  0 
  0 
  0 
  0 
  0 
  0 
  0 
  0 
  0 
  0 
  0 
  0 
  0 
  0 
  0 
  0 
  0 
  0 
  0 
  0 
  0 
  0 
  0 
  0 
  0 
  0 
  0 
  0 
  0 

# effort deviation coefficients 
 0.108777064419 0.080763177442 0.153289160701 -0.243408044691 -0.088170695930 0.109408501223 -0.357543858355 0.034444649326 -0.130048301739 0.158218332895 0.116335971580 -0.080715585355 -0.084265168819 -0.018357548980 0.069383738352 0.434783205227 -0.036433936981 -0.035244300366 -0.149231583354 -0.149800686704 -0.165809557694 0.008449884556 -0.137571705182 0.080183935696 -0.210313603975 0.081793247958 0.088881455175 0.094721830521 0.029074257427 0.025711334278 -0.028623920693 0.220213234548 0.016525093892 0.046172719005 -0.122320259723 -0.232297614686 0.184800174229 0.168597221846 -0.243633774320 0.222097168788
 -0.049164299709 0.054453112816 -0.065456460758 0.077361858738 0.131258112643 0.474762371174 0.154863246852 -0.165118455146 -0.189820608458 0.097031842127 -0.166884605395 0.176873595646 -0.205528872914 0.024464956210 -0.444767628308 -0.038464785239 -0.094942982692 0.209864123866 0.100905533132 -0.064408046622

# correlation in selectivity deviations 
# junk number1.234567800000e+03
  0   0 

# extra fishery parameters 
# 

  0   0 
  0   0 
 1.000000000000 1.000000000000
  0   0 
  0   0 
  0   0 
  0   0 
  0   0 
  0   0 
  0   0 

# extra age-class related parameters 
# 

  0   0   0   0   0   0   0   0   0   0   0   0   0   0 
  0   0   0   0   0   0   0   0   0   0   0   0   0   0 
  0   0   0   0   0   0   0   0   0   0   0   0   0   0 
  0   0   0   0   0   0   0   0   0   0   0   0   0   0 
  0   0   0   0   0   0   0   0   0   0   0   0   0   0 

# region parameters 
  0 
  0 
  0 
  0 
  0 
  0 
  0 
  0 
  0 
  0 

# catchability deviation coefficients 
# 
  0   0   0   0   0   0   0   0   0   0   0   0   0   0   0   0   0   0   0   0   0   0   0   0   0   0   0   0   0   0   0   0   0   0   0   0   0   0   0 
  0   0   0   0   0   0   0   0   0   0   0   0   0   0   0   0   0   0   0 

# selectivity deviation coefficients 
# 

  0   0   0   0   0   0   0   0   0   0   0   0   0   0 
  0   0   0   0   0   0   0   0   0   0   0   0   0   0 
  0   0   0   0   0   0   0   0   0   0   0   0   0   0 
  0   0   0   0   0   0   0   0   0   0   0   0   0   0 
  0   0   0   0   0   0   0   0   0   0   0   0   0   0 
  0   0   0   0   0   0   0   0   0   0   0   0   0   0 
  0   0   0   0   0   0   0   0   0   0   0   0   0   0 
  0   0   0   0   0   0   0   0   0   0   0   0   0   0 
  0   0   0   0   0   0   0   0   0   0   0   0   0   0 
  0   0   0   0   0   0   0   0   0   0   0   0   0   0 
  0   0   0   0   0   0   0   0   0   0   0   0   0   0 
  0   0   0   0   0   0   0   0   0   0   0   0   0   0 
  0   0   0   0   0   0   0   0   0   0   0   0   0   0 
  0   0   0   0   0   0   0   0   0   0   0   0   0   0 
  0   0   0   0   0   0   0   0   0   0   0   0   0   0 
  0   0   0   0   0   0   0   0   0   0   0   0   0   0 
  0   0   0   0   0   0   0   0   0   0   0   0   0   0 
  0   0   0   0   0   0   0   0   0   0   0   0   0   0 
  0   0   0   0   0   0   0   0   0   0   0   0   0   0 
  0   0   0   0   0   0   0   0   0   0   0   0   0   0 
  0   0   0   0   0   0   0   0   0   0   0   0   0   0 
  0   0   0   0   0   0   0   0   0   0   0   0   0   0 
  0   0   0   0   0   0   0   0   0   0   0   0   0   0 
  0   0   0   0   0   0   0   0   0   0   0   0   0   0 
  0   0   0   0   0   0   0   0   0   0   0   0   0   0 
  0   0   0   0   0   0   0   0   0   0   0   0   0   0 
  0   0   0   0   0   0   0   0   0   0   0   0   0   0 
  0   0   0   0   0   0   0   0   0   0   0   0   0   0 
  0   0   0   0   0   0   0   0   0   0   0   0   0   0 
  0   0   0   0   0   0   0   0   0   0   0   0   0   0 
  0   0   0   0   0   0   0   0   0   0   0   0   0   0 
  0   0   0   0   0   0   0   0   0   0   0   0   0   0 
  0   0   0   0   0   0   0   0   0   0   0   0   0   0 
  0   0   0   0   0   0   0   0   0   0   0   0   0   0 
  0   0   0   0   0   0   0   0   0   0   0   0   0   0 
  0   0   0   0   0   0   0   0   0   0   0   0   0   0 
  0   0   0   0   0   0   0   0   0   0   0   0   0   0 
  0   0   0   0   0   0   0   0   0   0   0   0   0   0 
  0   0   0   0   0   0   0   0   0   0   0   0   0   0 
  0   0   0   0   0   0   0   0   0   0   0   0   0   0 
  0   0   0   0   0   0   0   0   0   0   0   0   0   0 
  0   0   0   0   0   0   0   0   0   0   0   0   0   0 
  0   0   0   0   0   0   0   0   0   0   0   0   0   0 
  0   0   0   0   0   0   0   0   0   0   0   0   0   0 
  0   0   0   0   0   0   0   0   0   0   0   0   0   0 
  0   0   0   0   0   0   0   0   0   0   0   0   0   0 
  0   0   0   0   0   0   0   0   0   0   0   0   0   0 
  0   0   0   0   0   0   0   0   0   0   0   0   0   0 
  0   0   0   0   0   0   0   0   0   0   0   0   0   0 
  0   0   0   0   0   0   0   0   0   0   0   0   0   0 
  0   0   0   0   0   0   0   0   0   0   0   0   0   0 
  0   0   0   0   0   0   0   0   0   0   0   0   0   0 
  0   0   0   0   0   0   0   0   0   0   0   0   0   0 
  0   0   0   0   0   0   0   0   0   0   0   0   0   0 
  0   0   0   0   0   0   0   0   0   0   0   0   0   0 
  0   0   0   0   0   0   0   0   0   0   0   0   0   0 
  0   0   0   0   0   0   0   0   0   0   0   0   0   0 
  0   0   0   0   0   0   0   0   0   0   0   0   0   0 

# sel_dev_coffs 
  0   0   0   0   0   0   0   0   0   0   0   0   0   0 
  0   0   0   0   0   0   0   0   0   0   0   0   0   0 
  0   0   0   0   0   0   0   0   0   0   0   0   0   0 
  0   0   0   0   0   0   0   0   0   0   0   0   0   0 
  0   0   0   0   0   0   0   0   0   0   0   0   0   0 
  0   0   0   0   0   0   0   0   0   0   0   0   0   0 
  0   0   0   0   0   0   0   0   0   0   0   0   0   0 
  0   0   0   0   0   0   0   0   0   0   0   0   0   0 
  0   0   0   0   0   0   0   0   0   0   0   0   0   0 
  0   0   0   0   0   0   0   0   0   0   0   0   0   0 
  0   0   0   0   0   0   0   0   0   0   0   0   0   0 
  0   0   0   0   0   0   0   0   0   0   0   0   0   0 
  0   0   0   0   0   0   0   0   0   0   0   0   0   0 
  0   0   0   0   0   0   0   0   0   0   0   0   0   0 
  0   0   0   0   0   0   0   0   0   0   0   0   0   0 
  0   0   0   0   0   0   0   0   0   0   0   0   0   0 
  0   0   0   0   0   0   0   0   0   0   0   0   0   0 
  0   0   0   0   0   0   0   0   0   0   0   0   0   0 
  0   0   0   0   0   0   0   0   0   0   0   0   0   0 
  0   0   0   0   0   0   0   0   0   0   0   0   0   0 
  0   0   0   0   0   0   0   0   0   0   0   0   0   0 
  0   0   0   0   0   0   0   0   0   0   0   0   0   0 
  0   0   0   0   0   0   0   0   0   0   0   0   0   0 
  0   0   0   0   0   0   0   0   0   0   0   0   0   0 
  0   0   0   0   0   0   0   0   0   0   0   0   0   0 
  0   0   0   0   0   0   0   0   0   0   0   0   0   0 
  0   0   0   0   0   0   0   0   0   0   0   0   0   0 
  0   0   0   0   0   0   0   0   0   0   0   0   0   0 
  0   0   0   0   0   0   0   0   0   0   0   0   0   0 
  0   0   0   0   0   0   0   0   0   0   0   0   0   0 
  0   0   0   0   0   0   0   0   0   0   0   0   0   0 
  0   0   0   0   0   0   0   0   0   0   0   0   0   0 
  0   0   0   0   0   0   0   0   0   0   0   0   0   0 
  0   0   0   0   0   0   0   0   0   0   0   0   0   0 
  0   0   0   0   0   0   0   0   0   0   0   0   0   0 
  0   0   0   0   0   0   0   0   0   0   0   0   0   0 
  0   0   0   0   0   0   0   0   0   0   0   0   0   0 
  0   0   0   0   0   0   0   0   0   0   0   0   0   0 
  0   0   0   0   0   0   0   0   0   0   0   0   0   0 
  0   0   0   0   0   0   0   0   0   0   0   0   0   0 

  0   0   0   0   0   0   0   0   0   0   0   0   0   0 
  0   0   0   0   0   0   0   0   0   0   0   0   0   0 
  0   0   0   0   0   0   0   0   0   0   0   0   0   0 
  0   0   0   0   0   0   0   0   0   0   0   0   0   0 
  0   0   0   0   0   0   0   0   0   0   0   0   0   0 
  0   0   0   0   0   0   0   0   0   0   0   0   0   0 
  0   0   0   0   0   0   0   0   0   0   0   0   0   0 
  0   0   0   0   0   0   0   0   0   0   0   0   0   0 
  0   0   0   0   0   0   0   0   0   0   0   0   0   0 
  0   0   0   0   0   0   0   0   0   0   0   0   0   0 
  0   0   0   0   0   0   0   0   0   0   0   0   0   0 
  0   0   0   0   0   0   0   0   0   0   0   0   0   0 
  0   0   0   0   0   0   0   0   0   0   0   0   0   0 
  0   0   0   0   0   0   0   0   0   0   0   0   0   0 
  0   0   0   0   0   0   0   0   0   0   0   0   0   0 
  0   0   0   0   0   0   0   0   0   0   0   0   0   0 
  0   0   0   0   0   0   0   0   0   0   0   0   0   0 
  0   0   0   0   0   0   0   0   0   0   0   0   0   0 
  0   0   0   0   0   0   0   0   0   0   0   0   0   0 
  0   0   0   0   0   0   0   0   0   0   0   0   0   0 


# The von Bertalanffy parameters
29.909406076476  20.000000000000   40.000000000000 
98.595699078997  90.000000000000   180.000000000000 
0.161693499065   0   0.200000000000 
# First Length bias parameters
  0   0 

# Common first Length bias flags
 0 0 0

# Common first Length bias coffs
  0   0 

# Seasonal growth parameters
  0   0   0   0   0   0   0   0   0   0   0   0   0   0   0   0   0   0   0   0 

# Cohort specific growth deviations
  0   0   0   0   0   0   0   0   0   0   0   0   0   0   0   0   0   0   0   0   0   0   0   0   0   0   0   0   0   0   0   0   0   0   0   0   0   0   0   0 

# Variance parameters
5.249475059820  1.500000000000   8.500000000000 
0.232251141666  -0.690000000000   0.690000000000 
# The number of mean constraints
0
# The diffusion coefficients
  0 

# Objective function value
   10917.400533648337
# The number of parameters
   147
# Penalty for mean length constraints
   -5.657544779261
# Maximum magnitude gradient value 
0.000000787857
# Average fish mort per fishing incident is 0.068563
# Average fish mort per year is 0.102844
# Average fish mort per year by age class is 
# 0.014630 0.047228 0.066597 0.054632 0.051324 0.035559 0.066562 0.090599 0.163515 0.130961 0.154432 0.257341 0.153217 0.153217
