# eff_seed                                                                                
  7487                                                                                
# len_seed                                                                                
  9851                                                                                
# len_dev_seed                                                                                
  1507                                                                                
# effort_sd                                                                               
  0.1                                                                               
#nyrs                                                                                 
  40                                                                                
#nages                                                                                  
  21                                                                                
# num_fisheries                                                                               
  2                                                                               
# nlint                                                                               
  50                                                                                
# effort                                                                                
# fishery 1                                                                             
  0.0452665 0.0743799 0.0809535 0.046437  0.0524845 0.0157761 0.0206338 0.0379223 0.0517223 0.0470346 0.0300912 0.0560662 0.095507  0.0783072 0.1001888 0.0932014 0.0923147 0.0455059 0.0621859 0.0619954 0.0804177 0.090294  0.0906384 0.0860485 0.0436065 0.0287819 0.0202587 0.0206893 0.0154854 0.0228256 0.0360256 0.0370204 0.008441  0.0038734 0.023065  0.0152411 0.0066753 0.0051167 0.0082459 0.0133416 
# fishery 2                                                                             
  0.000001  0.000001  0.000001  0.000001  0.000001  0.000001  0.000001  0.000001  0.000001  0.000001  0.000001  0.000001  0.000001  0.000001  0.000001  0.000001  0.000001  0.0019944 0.0115666 0.0133604 0.0178778 0.0199065 0.0001683 0.000161  0.000072  0.0002281 0.0000022 0.0001791 0.0014509 0.0027316 0.0030784 0.0045909 0.0067077 0.0455059 0.0253674 0.0295052 0.0361745 0.0493815 0.0606512 0.0559919 
# qchange fishery 1                                                                           
  1 1 1 1 1 1 1 1 1 1 1 1 1 1 1 1 1 1 1 1 1 1 1 1 1 1 1 1 1 1 1 1 1 1 1 1 1 1 1 1 
# qchange fishery 1                                                                           
  1 1 1 1 1 1 1 1 1 1 1 1 1 1 1 1 1 1 1 1 1 1 1 1 1 1 1 1 1 1 1 1 1 1 1 1 1 1 1 1 
# M                                                                               
# 0.3 0.2 0.1 0.1 0.1 0.1 0.1 0.1 0.1 0.1 0.3 0.3 0.4 0.4                                                     
  0.18  0.18  0.18  0.18  0.18  0.18  0.18  0.18  0.18  0.18  0.18  0.18  0.18  0.18  0.18  0.18  0.18  0.18  0.18  0.18  0.18                                        
# vbcoff                                                                                
  15  90  0.136                                                                           
# sd's                                                                                
#                                                                                 
  4.5 4.5 5 5 5.5 5.5 6 6.5 7 7.2 7.5 7.5 7.5 7.5 7.5 7.5 7.5 7.5 7.5 7.5 7.5 
# 4.5 4.5 4.5 4.5 4.5 4.5 4.5 4.5 4.5 4.5 4.5 4.5 4.5 4.5 4.5 4.5 4.5 4.5 4.5 4.5 4.5                                       
# mean  length  sd                                                                            
  1.5 1.5 1.5 1.5 1.5 1.5 1.5 1.5 1.5 1.5 1.5 1.5 1.5 1.5 1.5 1.5 1.5 1.5 1.5 1.5 1.5                                       
#                                                                                 
# pop in  year  1                                                                         
#                                                                                 
  20583 20234 16899 14109 11768 9808  8173  6810  5675  4729  3940  3283  2736  2280  1900  1583  1319  1099  916 763 3811                                        
#                                                                                 
# recruitment year  2 - nyrs                                                                        
 20278 21053 21826 23420 81389 81389 81389 81389 81389 21909 14203 18271 31691 43320 23612 42988 40252 45691 38598 22678 15024 7556  5104  7959  16080 20410 11845 7720  6993  9567  14357 5654  4332  3932  3938  5513  5451  4813  4813    
# selectivities                                                                               
# fishery 1                                                                             
  0.004 0.004 0.004 0.005 0.031 0.227 0.578 0.829 0.939 0.979 0.992 0.997 0.999 0.999 1 1 1 1 1 1 1                                       
# fishery 2                                                                             
  0 0 0 0.001 0.004 0.015 0.043 0.102 0.193 0.301 0.411 0.513 0.6 0.672 0.73  0.775 0.811 0.839 0.86  0.877 0.902                                       
# catchability                                                                                
# fishery 1                                                                             
  1                                                                               
# fishery 2                                                                             
  1                                                                               
                                                                                  
                                                                                  
