#init_matrix qindexdata(1,Ngears,StartYear,EndYear) 
 1  1  1  1  1  1  1  1  1  1  1  1  1  1  1  1  1  1  1  1  1  1  1  1  1  1  1  1  1  1  1  1  1  1  1  1  1  1  1  1 
 1  1  1  1  1  1  1  1  1  1  1  1  1  1  1  1  1  1  1  1  1  1  1  1  1  1  1  1  1  1  1  1  1  1  1  1  1  1  1  1 
#init_int NRindexdata
# 1
#init_matrix Rindexdata(1,NRindexdata,1,2)
#1 1
 1  1  1  1  1  1  1  1  1  1  1  1  1  1  1  1  1  1  1  1  1  1  1  1  1  1  1  1  1  1  1  1  1  1  1  1  1  1  1  1  1 
#init_int Nsurveydata
 1
#init_matrix surveydata(1,Nsurveydata,1,2)
#survey year value cv
1 10 10 0.5
#init_int NCPUEdata
1 
#init_matrix CPUEdata(1,Ncpuedata,1,4)
#fishery year value cv
1 1 447.0393236 0.2
# init_vector Ctype(1,Ngears) // 0 = numbers, 1 = weight
 0 0 
# init_int NC 
 80 
# init_matrix C(1,NC,1,5) // gear, time, landings, discard rate, cv 
   1 1   123.25805   1 0.1 
   2 1   0.04213   1 0.1 
   1 2   134.99518   1 0.1 
   2 2   0.04150   1 0.1 
   1 3   132.83193   1 0.1 
   2 3   0.03455   1 0.1 
   1 4   148.61598   1 0.1 
   2 4   0.02247   1 0.1 
   1 5   143.79294   1 0.1 
   2 5   0.01983   1 0.1 
   1 6   151.75791   1 0.1 
   2 6   0.01800   1 0.1 
   1 7   149.47763   1 0.1 
   2 7   0.01936   1 0.1 
   1 8   140.28586   1 0.1 
   2 8   0.02072   1 0.1 
   1 9   143.16357   1 0.1 
   2 9   0.02024   1 0.1 
   1 10   136.08384   1 0.1 
   2 10   0.02087   1 0.1 
   1 11   235.98984   1 0.1 
   2 11   0.02119   1 0.1 
   1 12   196.69411   1 0.1 
   2 12   0.02124   1 0.1 
   1 13   185.33139   1 0.1 
   2 13   0.01847   1 0.1 
   1 14   186.25313   1 0.1 
   2 14   0.01881   1 0.1 
   1 15   170.49268   1 0.1 
   2 15   0.01518   1 0.1 
   1 16   158.95508   1 0.1 
   2 16   0.01610   1 0.1 
   1 17   151.17112   1 0.1 
   2 17   0.01831   1 0.1 
   1 18   153.38788   1 0.1 
   2 18   0.01765   1 0.1 
   1 19   144.66938   1 0.1 
   2 19   0.01778   1 0.1 
   1 20   147.71324   1 0.1 
   2 20   0.01562   1 0.1 
   1 21   133.83269   1 0.1 
   2 21   146.49393   1 0.1 
   1 22   128.44444   1 0.1 
   2 22   134.62093   1 0.1 
   1 23   103.74520   1 0.1 
   2 23   108.88230   1 0.1 
   1 24   117.37882   1 0.1 
   2 24   91.75682   1 0.1 
   1 25   100.43301   1 0.1 
   2 25   103.38335   1 0.1 
   1 26   108.93069   1 0.1 
   2 26   102.00499   1 0.1 
   1 27   97.27597   1 0.1 
   2 27   118.78871   1 0.1 
   1 28   80.00121   1 0.1 
   2 28   128.44885   1 0.1 
   1 29   85.93456   1 0.1 
   2 29   108.80470   1 0.1 
   1 30   74.29866   1 0.1 
   2 30   83.22357   1 0.1 
   1 31   104.76505   1 0.1 
   2 31   76.08203   1 0.1 
   1 32   94.81484   1 0.1 
   2 32   65.87764   1 0.1 
   1 33   94.95646   1 0.1 
   2 33   81.84725   1 0.1 
   1 34   87.02052   1 0.1 
   2 34   94.10767   1 0.1 
   1 35   86.45590   1 0.1 
   2 35   81.02031   1 0.1 
   1 36   83.04256   1 0.1 
   2 36   89.44359   1 0.1 
   1 37   82.95595   1 0.1 
   2 37   85.13894   1 0.1 
   1 38   66.80097   1 0.1 
   2 38   89.62121   1 0.1 
   1 39   73.55770   1 0.1 
   2 39   79.51013   1 0.1 
   1 40   75.11926   1 0.1 
   2 40   66.04777   1 0.1 
# init_matrix E(1,Ngears, StartTime, EndTime)
 0.11426 0.10716 0.09773 0.10900 0.09108 0.05705 0.09889 0.09061 0.06540 0.08213 0.18281 0.15171 0.16612 0.16702 0.11870 0.17038 0.15895 0.18708 0.19419 0.16056 0.18400 0.20261 0.13161 0.22121 0.21579 0.25271 0.25236 0.19639 0.22745 0.23966 0.24043 0.33996 0.20704 0.32145 0.30069 0.23776 0.30733 0.36488 0.39643 0.25040
 0.00001 0.00001 0.00001 0.00001 0.00001 0.00001 0.00001 0.00001 0.00001 0.00001 0.00001 0.00001 0.00001 0.00001 0.00001 0.00001 0.00001 0.00001 0.00001 0.00001 0.11519 0.10789 0.05898 0.11003 0.12298 0.10917 0.11741 0.12381 0.14924 0.14170 0.13936 0.11488 0.09038 0.06928 0.10159 0.09327 0.08915 0.11312 0.09075 0.08803
# init_int NCAL
80             
 # init_matrix CALin(1,NCAL,1,Nlengths+3) // gear, time, sample size, L1, L2, ...  
1 1 4000.00000  0.00050000 0.00725000 0.02450000 0.03100000 0.01175000 0.00100000 0.00050000 0.00150000 0.00250000 0.02150000 0.02975000 0.01175000 0.00325000 0.00475000 0.01875000 0.02775000 0.03025000 0.01150000 0.00850000 0.01225000 0.02550000 0.02350000 0.01450000 0.02050000 0.03025000 0.02975000 0.02975000 0.02550000 0.03175000 0.03275000 0.03275000 0.02875000 0.02975000 0.03100000 0.02850000 0.03300000 0.03150000 0.02750000 0.02525000 0.01900000 0.02650000 0.02950000 0.02850000 0.02575000 0.01975000 0.01725000 0.01500000 0.01025000 0.01025000 0.00600000
2 1 4000.00000000  0.00525000 0.03450000 0.05500000 0.03200000 0.00525000 0.00125000 0.00100000 0.01075000 0.06200000 0.11200000 0.05850000 0.01525000 0.02525000 0.06425000 0.08275000 0.05650000 0.02325000 0.00625000 0.01150000 0.03000000 0.06525000 0.05450000 0.03425000 0.01850000 0.02375000 0.03175000 0.02500000 0.01425000 0.00975000 0.00900000 0.00800000 0.00550000 0.00400000 0.00250000 0.00100000 0.00050000 0.00000000 0.00000000 0.00000000 0.00000000 0.00000000 0.00000000 0.00000000 0.00000000 0.00000000 0.00000000 0.00000000 0.00000000 0.00000000 0.00000000
1 2 4000.00000000  0.00225000 0.00700000 0.01200000 0.00725000 0.00150000 0.00000000 0.00050000 0.00050000 0.00050000 0.01100000 0.02100000 0.01575000 0.00625000 0.01300000 0.02350000 0.03025000 0.01750000 0.00475000 0.00325000 0.00500000 0.01425000 0.02725000 0.02050000 0.01650000 0.01275000 0.01675000 0.02800000 0.02650000 0.02900000 0.02675000 0.04225000 0.04575000 0.03975000 0.03975000 0.03925000 0.03800000 0.03700000 0.03525000 0.03125000 0.03250000 0.03125000 0.03525000 0.02600000 0.02350000 0.02650000 0.02150000 0.01925000 0.01300000 0.01250000 0.00950000
2 2 4000.00000000  0.00025000 0.00075000 0.00050000 0.00625000 0.02925000 0.02350000 0.00975000 0.01850000 0.06725000 0.10250000 0.04050000 0.00700000 0.00625000 0.01975000 0.05375000 0.08925000 0.07600000 0.03575000 0.01125000 0.02600000 0.06325000 0.07725000 0.05900000 0.03650000 0.02775000 0.02925000 0.02225000 0.01700000 0.01150000 0.01000000 0.00625000 0.00400000 0.00400000 0.00250000 0.00375000 0.00100000 0.00025000 0.00025000 0.00025000 0.00000000 0.00000000 0.00000000 0.00000000 0.00000000 0.00000000 0.00000000 0.00000000 0.00000000 0.00000000 0.00000000
1 3 4000.00000000  0.00025000 0.00025000 0.00150000 0.00100000 0.00025000 0.00025000 0.00125000 0.00350000 0.01175000 0.00850000 0.00100000 0.00125000 0.00125000 0.00525000 0.01875000 0.02375000 0.02450000 0.01175000 0.01400000 0.02350000 0.02725000 0.01100000 0.00775000 0.00650000 0.01325000 0.02650000 0.03125000 0.03425000 0.03200000 0.03100000 0.03350000 0.04100000 0.03400000 0.04075000 0.02825000 0.03575000 0.03475000 0.03625000 0.03225000 0.03725000 0.04500000 0.04575000 0.04425000 0.04000000 0.02925000 0.02400000 0.01600000 0.01325000 0.00925000 0.00525000
2 3 4000.00000000  0.00000000 0.00000000 0.00050000 0.00300000 0.00400000 0.00200000 0.00050000 0.00175000 0.01725000 0.05725000 0.06000000 0.01700000 0.00675000 0.01675000 0.05125000 0.09600000 0.08950000 0.04725000 0.01525000 0.02275000 0.05250000 0.09750000 0.09050000 0.06025000 0.04625000 0.04100000 0.02975000 0.02600000 0.01625000 0.01100000 0.00475000 0.00525000 0.00625000 0.00200000 0.00150000 0.00000000 0.00025000 0.00025000 0.00000000 0.00000000 0.00000000 0.00000000 0.00000000 0.00000000 0.00000000 0.00000000 0.00000000 0.00000000 0.00000000 0.00000000
1 4 4000.00000000  0.01150000 0.01350000 0.00525000 0.00025000 0.00000000 0.00000000 0.00000000 0.00000000 0.00000000 0.00000000 0.00125000 0.00175000 0.00050000 0.00025000 0.00025000 0.00675000 0.01200000 0.01225000 0.00700000 0.00425000 0.00975000 0.01900000 0.02050000 0.01550000 0.02250000 0.02900000 0.03025000 0.02725000 0.02400000 0.02800000 0.03575000 0.03350000 0.03800000 0.03575000 0.04175000 0.03600000 0.03725000 0.03900000 0.04300000 0.04925000 0.04625000 0.04650000 0.04500000 0.04050000 0.03275000 0.03100000 0.02225000 0.02025000 0.01425000 0.00950000
2 4 4000.00000000  0.01650000 0.03825000 0.03700000 0.00750000 0.00275000 0.00025000 0.00100000 0.00025000 0.00100000 0.00625000 0.00800000 0.00550000 0.00425000 0.01250000 0.03875000 0.06100000 0.05225000 0.03225000 0.01750000 0.03775000 0.09750000 0.12150000 0.08200000 0.03675000 0.03050000 0.04550000 0.06125000 0.04950000 0.03775000 0.02550000 0.01325000 0.00325000 0.00400000 0.00375000 0.00325000 0.00150000 0.00125000 0.00075000 0.00025000 0.00000000 0.00050000 0.00000000 0.00000000 0.00000000 0.00000000 0.00000000 0.00000000 0.00000000 0.00000000 0.00000000
1 5 4000.00000000  0.00300000 0.01075000 0.01025000 0.00650000 0.00075000 0.00025000 0.00000000 0.00050000 0.00150000 0.00675000 0.01175000 0.00275000 0.00025000 0.00000000 0.00075000 0.00050000 0.00100000 0.00125000 0.00375000 0.00850000 0.01075000 0.00650000 0.00300000 0.00525000 0.00875000 0.01900000 0.02700000 0.02725000 0.02275000 0.02725000 0.03800000 0.03475000 0.04125000 0.03875000 0.04550000 0.04750000 0.05050000 0.05675000 0.05200000 0.05900000 0.06025000 0.04850000 0.03650000 0.04425000 0.03850000 0.02575000 0.02025000 0.01775000 0.01050000 0.00550000
2 5 4000.00000000  0.00050000 0.00825000 0.03575000 0.05700000 0.02325000 0.00300000 0.00075000 0.00175000 0.00200000 0.02300000 0.08800000 0.11450000 0.03625000 0.00875000 0.00950000 0.01025000 0.00675000 0.00600000 0.01875000 0.05200000 0.07400000 0.06450000 0.02800000 0.01275000 0.02450000 0.03600000 0.06200000 0.06125000 0.04975000 0.02875000 0.01950000 0.01275000 0.00925000 0.00525000 0.00350000 0.00175000 0.00025000 0.00000000 0.00025000 0.00000000 0.00000000 0.00000000 0.00000000 0.00000000 0.00000000 0.00000000 0.00000000 0.00000000 0.00000000 0.00000000
1 6 4000.00000000  0.00100000 0.00500000 0.01250000 0.00675000 0.00150000 0.00025000 0.00075000 0.00225000 0.00625000 0.01225000 0.00625000 0.00200000 0.00100000 0.00275000 0.01225000 0.00925000 0.00875000 0.00350000 0.00100000 0.00050000 0.00050000 0.00150000 0.00150000 0.00200000 0.00475000 0.00925000 0.01425000 0.01400000 0.02425000 0.03400000 0.03575000 0.03825000 0.03450000 0.02875000 0.02875000 0.03325000 0.04650000 0.05875000 0.07000000 0.06875000 0.07000000 0.05475000 0.05050000 0.04700000 0.03350000 0.02825000 0.02425000 0.01850000 0.01475000 0.01350000
2 6 4000.00000000  0.00275000 0.02675000 0.05775000 0.05200000 0.01300000 0.00250000 0.00175000 0.01225000 0.07050000 0.12525000 0.06725000 0.01375000 0.00375000 0.01175000 0.03600000 0.08425000 0.08850000 0.05800000 0.01700000 0.00425000 0.00525000 0.00950000 0.01450000 0.01650000 0.02650000 0.03500000 0.04025000 0.02800000 0.02175000 0.02100000 0.00875000 0.00825000 0.00825000 0.00375000 0.00250000 0.00125000 0.00000000 0.00000000 0.00000000 0.00000000 0.00000000 0.00000000 0.00000000 0.00000000 0.00000000 0.00000000 0.00000000 0.00000000 0.00000000 0.00000000
1 7 4000.00000000  0.00000000 0.00100000 0.00775000 0.01325000 0.00725000 0.00075000 0.00025000 0.00075000 0.00475000 0.00775000 0.01075000 0.00400000 0.00500000 0.00925000 0.01525000 0.01300000 0.00275000 0.00100000 0.00075000 0.00425000 0.00725000 0.00750000 0.00600000 0.00475000 0.00350000 0.00750000 0.00975000 0.01125000 0.01025000 0.00625000 0.00500000 0.01325000 0.02575000 0.04175000 0.04750000 0.05625000 0.05750000 0.05575000 0.05950000 0.05850000 0.05975000 0.05425000 0.04600000 0.05000000 0.03850000 0.04525000 0.03575000 0.02525000 0.02225000 0.01875000
2 7 4000.00000000  0.00075000 0.00025000 0.00250000 0.01700000 0.05900000 0.04900000 0.01675000 0.00250000 0.00200000 0.01650000 0.07925000 0.10050000 0.05550000 0.01700000 0.03875000 0.07450000 0.08250000 0.05075000 0.01750000 0.02650000 0.05700000 0.07850000 0.06375000 0.02575000 0.00950000 0.00425000 0.00150000 0.00100000 0.00025000 0.00175000 0.00450000 0.00775000 0.01000000 0.00925000 0.00625000 0.00550000 0.00275000 0.00125000 0.00050000 0.00000000 0.00000000 0.00000000 0.00000000 0.00000000 0.00000000 0.00000000 0.00000000 0.00000000 0.00000000 0.00000000
1 8 4000.00000000  0.00125000 0.00675000 0.01350000 0.00775000 0.00175000 0.00025000 0.00075000 0.00875000 0.01150000 0.00375000 0.00075000 0.00025000 0.00000000 0.00050000 0.00100000 0.00450000 0.00825000 0.01100000 0.00825000 0.00450000 0.00975000 0.00925000 0.00850000 0.00225000 0.00400000 0.00900000 0.01125000 0.01775000 0.01025000 0.00600000 0.00875000 0.00775000 0.01400000 0.02550000 0.02925000 0.03975000 0.04550000 0.06550000 0.06650000 0.06500000 0.06450000 0.06650000 0.05525000 0.05975000 0.05650000 0.04625000 0.04225000 0.03125000 0.01850000 0.00875000
2 8 4000.00000000  0.00675000 0.03900000 0.05350000 0.02550000 0.00525000 0.00050000 0.00150000 0.00025000 0.01250000 0.05675000 0.10675000 0.06350000 0.01200000 0.01150000 0.03150000 0.06650000 0.08425000 0.04975000 0.01850000 0.02500000 0.05550000 0.07250000 0.05600000 0.04275000 0.02825000 0.02850000 0.01750000 0.00875000 0.00125000 0.00075000 0.00200000 0.00125000 0.00225000 0.00450000 0.00325000 0.00275000 0.00100000 0.00050000 0.00000000 0.00000000 0.00000000 0.00000000 0.00000000 0.00000000 0.00000000 0.00000000 0.00000000 0.00000000 0.00000000 0.00000000
1 9 4000.00000000  0.00050000 0.00175000 0.01325000 0.01175000 0.00350000 0.00025000 0.00025000 0.00050000 0.00125000 0.00625000 0.01050000 0.00475000 0.00125000 0.00525000 0.01050000 0.01400000 0.00625000 0.00275000 0.00100000 0.00150000 0.00575000 0.01150000 0.00950000 0.00975000 0.01075000 0.01225000 0.01050000 0.00650000 0.00475000 0.01050000 0.01150000 0.01350000 0.00750000 0.01075000 0.01625000 0.02200000 0.03025000 0.04275000 0.06175000 0.05675000 0.07075000 0.07725000 0.07450000 0.06925000 0.06575000 0.05725000 0.05025000 0.03725000 0.02075000 0.01525000
2 9 4000.00000000  0.00000000 0.00075000 0.00500000 0.02475000 0.05250000 0.03225000 0.00600000 0.01075000 0.04275000 0.09875000 0.07300000 0.01825000 0.00425000 0.00175000 0.01375000 0.04075000 0.07975000 0.08000000 0.06425000 0.06800000 0.07825000 0.04750000 0.02200000 0.01225000 0.02625000 0.02825000 0.02575000 0.01425000 0.01050000 0.00675000 0.00425000 0.00350000 0.00200000 0.00100000 0.00025000 0.00000000 0.00000000 0.00000000 0.00000000 0.00000000 0.00000000 0.00000000 0.00000000 0.00000000 0.00000000 0.00000000 0.00000000 0.00000000 0.00000000 0.00000000
1 10 4000.00000000  0.00525000 0.01450000 0.01200000 0.00175000 0.00050000 0.00050000 0.00000000 0.00100000 0.00475000 0.00875000 0.00925000 0.00250000 0.00100000 0.00250000 0.00775000 0.01325000 0.01150000 0.00400000 0.00375000 0.00825000 0.00925000 0.01175000 0.01550000 0.01375000 0.01775000 0.01375000 0.00650000 0.00600000 0.00725000 0.01675000 0.02250000 0.02075000 0.01750000 0.01675000 0.01700000 0.01575000 0.02425000 0.02675000 0.03900000 0.04200000 0.05200000 0.05200000 0.06650000 0.06450000 0.07700000 0.06575000 0.05625000 0.04350000 0.02725000 0.02200000
2 10 4000.00000000  0.00025000 0.00200000 0.01775000 0.05425000 0.04150000 0.01225000 0.00350000 0.00600000 0.04775000 0.09700000 0.07225000 0.01750000 0.00225000 0.00275000 0.02225000 0.05975000 0.08275000 0.07225000 0.05975000 0.07550000 0.06700000 0.03275000 0.01225000 0.00525000 0.01525000 0.02775000 0.02575000 0.02550000 0.01450000 0.01125000 0.00500000 0.00375000 0.00225000 0.00125000 0.00125000 0.00000000 0.00000000 0.00000000 0.00000000 0.00000000 0.00000000 0.00000000 0.00000000 0.00000000 0.00000000 0.00000000 0.00000000 0.00000000 0.00000000 0.00000000
1 11 4000.00000000  0.00000000 0.00350000 0.01025000 0.01875000 0.00875000 0.00075000 0.00025000 0.00000000 0.00075000 0.00750000 0.01650000 0.00750000 0.00125000 0.00200000 0.00650000 0.01200000 0.01600000 0.01275000 0.01050000 0.01350000 0.01250000 0.00750000 0.00625000 0.00900000 0.01275000 0.01600000 0.01550000 0.01025000 0.00775000 0.01125000 0.01650000 0.02550000 0.02225000 0.01800000 0.01650000 0.01550000 0.02375000 0.02975000 0.03625000 0.04000000 0.03650000 0.04725000 0.06000000 0.06100000 0.05750000 0.04750000 0.05525000 0.05425000 0.04875000 0.03025000
2 11 4000.00000000  0.00175000 0.01900000 0.04800000 0.04150000 0.01450000 0.00100000 0.00225000 0.00300000 0.02575000 0.08450000 0.09475000 0.03025000 0.01200000 0.03900000 0.07000000 0.07225000 0.04300000 0.01275000 0.01000000 0.02125000 0.05825000 0.06850000 0.05250000 0.02250000 0.01475000 0.02000000 0.03375000 0.03375000 0.01975000 0.00975000 0.00650000 0.00475000 0.00325000 0.00275000 0.00150000 0.00075000 0.00025000 0.00025000 0.00000000 0.00000000 0.00000000 0.00000000 0.00000000 0.00000000 0.00000000 0.00000000 0.00000000 0.00000000 0.00000000 0.00000000
1 12 4000.00000000  0.02600000 0.01150000 0.00200000 0.00025000 0.00025000 0.00000000 0.00000000 0.00050000 0.00225000 0.00750000 0.01400000 0.00425000 0.00150000 0.00250000 0.01050000 0.01850000 0.01925000 0.00775000 0.00925000 0.01375000 0.01500000 0.01150000 0.01400000 0.01550000 0.01750000 0.01375000 0.00825000 0.00625000 0.01075000 0.01425000 0.02300000 0.03150000 0.02725000 0.01975000 0.03025000 0.02750000 0.02775000 0.02550000 0.02800000 0.02850000 0.03300000 0.04075000 0.05350000 0.05975000 0.06875000 0.05850000 0.05575000 0.04025000 0.02825000 0.01425000
2 12 4000.00000000  0.00025000 0.00025000 0.00925000 0.03425000 0.05250000 0.02600000 0.00475000 0.00375000 0.02500000 0.08775000 0.09225000 0.03525000 0.01050000 0.02550000 0.05275000 0.07925000 0.05900000 0.02275000 0.01800000 0.03950000 0.06775000 0.06100000 0.04325000 0.02225000 0.02675000 0.02775000 0.02100000 0.01225000 0.00700000 0.00825000 0.00825000 0.00425000 0.00375000 0.00275000 0.00200000 0.00125000 0.00050000 0.00050000 0.00050000 0.00025000 0.00000000 0.00000000 0.00000000 0.00000000 0.00000000 0.00000000 0.00025000 0.00000000 0.00000000 0.00000000
1 13 4000.00000000  0.00175000 0.00275000 0.00050000 0.00075000 0.00000000 0.00000000 0.00025000 0.00275000 0.01075000 0.01425000 0.00575000 0.00125000 0.00075000 0.00725000 0.01525000 0.01800000 0.01725000 0.00625000 0.00425000 0.00900000 0.01500000 0.01750000 0.01175000 0.01950000 0.01775000 0.01850000 0.01050000 0.00625000 0.00725000 0.01525000 0.02250000 0.02075000 0.01675000 0.02325000 0.03150000 0.03875000 0.03575000 0.04675000 0.04650000 0.04775000 0.04100000 0.03825000 0.03900000 0.04175000 0.04200000 0.05100000 0.04950000 0.04225000 0.03450000 0.03250000
2 13 4000.00000000  0.00025000 0.00000000 0.00125000 0.00550000 0.00400000 0.00275000 0.00275000 0.00425000 0.02375000 0.09000000 0.11775000 0.04050000 0.00750000 0.00225000 0.00825000 0.03550000 0.07025000 0.08525000 0.05100000 0.04050000 0.07025000 0.08250000 0.06275000 0.04600000 0.03650000 0.03825000 0.02425000 0.01325000 0.00950000 0.00900000 0.00450000 0.00275000 0.00300000 0.00250000 0.00100000 0.00025000 0.00025000 0.00000000 0.00000000 0.00000000 0.00000000 0.00000000 0.00000000 0.00000000 0.00025000 0.00000000 0.00000000 0.00000000 0.00000000 0.00000000
1 14 4000.00000000  0.00600000 0.01650000 0.01725000 0.00450000 0.00050000 0.00000000 0.00025000 0.00025000 0.00050000 0.00250000 0.00025000 0.00075000 0.00200000 0.00550000 0.01525000 0.02075000 0.01625000 0.00625000 0.00075000 0.00125000 0.01150000 0.01675000 0.01225000 0.00900000 0.00800000 0.01375000 0.02050000 0.02150000 0.01775000 0.01625000 0.02275000 0.03350000 0.03725000 0.03475000 0.02825000 0.03825000 0.03200000 0.04050000 0.04175000 0.04750000 0.04525000 0.04075000 0.04100000 0.03450000 0.04000000 0.04325000 0.04200000 0.03675000 0.03225000 0.02325000
2 14 4000.00000000  0.02800000 0.06875000 0.04550000 0.00900000 0.00150000 0.00050000 0.00075000 0.00025000 0.00400000 0.01075000 0.01175000 0.00375000 0.00450000 0.01850000 0.05500000 0.09950000 0.10000000 0.04300000 0.01525000 0.01675000 0.04600000 0.08400000 0.08700000 0.04900000 0.02425000 0.03400000 0.03475000 0.03275000 0.02125000 0.01325000 0.01025000 0.01000000 0.00600000 0.00475000 0.00250000 0.00175000 0.00100000 0.00025000 0.00000000 0.00000000 0.00000000 0.00025000 0.00000000 0.00000000 0.00000000 0.00000000 0.00000000 0.00000000 0.00000000 0.00000000
1 15 4000.00000000  0.00000000 0.00325000 0.01425000 0.02250000 0.00675000 0.00050000 0.00025000 0.00000000 0.00125000 0.00875000 0.01725000 0.01525000 0.00375000 0.00150000 0.00150000 0.00175000 0.00200000 0.00025000 0.00000000 0.00125000 0.00325000 0.01050000 0.01825000 0.01775000 0.01650000 0.02625000 0.02600000 0.02400000 0.03525000 0.02325000 0.02950000 0.03075000 0.02550000 0.02350000 0.02475000 0.03000000 0.04175000 0.04075000 0.05025000 0.04200000 0.03925000 0.04550000 0.04875000 0.04750000 0.04575000 0.04475000 0.03500000 0.02850000 0.01500000 0.00825000
2 15 4000.00000000  0.00300000 0.01375000 0.05450000 0.06000000 0.02525000 0.00425000 0.00125000 0.00175000 0.00525000 0.03650000 0.12050000 0.11325000 0.03900000 0.00625000 0.00100000 0.00450000 0.01000000 0.00975000 0.01350000 0.01650000 0.05250000 0.09325000 0.09000000 0.05200000 0.03925000 0.04300000 0.02800000 0.01300000 0.01000000 0.00825000 0.00975000 0.00475000 0.00325000 0.00500000 0.00200000 0.00300000 0.00175000 0.00125000 0.00025000 0.00000000 0.00000000 0.00000000 0.00000000 0.00000000 0.00000000 0.00000000 0.00000000 0.00000000 0.00000000 0.00000000
1 16 4000.00000000  0.00100000 0.00200000 0.01350000 0.01975000 0.00875000 0.00150000 0.00050000 0.00050000 0.00675000 0.01850000 0.01325000 0.00375000 0.00125000 0.00275000 0.00650000 0.01625000 0.02300000 0.01225000 0.00675000 0.00325000 0.00125000 0.00200000 0.00200000 0.00225000 0.00500000 0.01575000 0.02450000 0.02975000 0.02500000 0.02900000 0.02175000 0.02150000 0.02525000 0.02925000 0.04125000 0.03525000 0.03375000 0.02800000 0.03425000 0.04650000 0.04650000 0.04700000 0.05375000 0.04000000 0.03950000 0.03825000 0.03600000 0.03600000 0.02750000 0.02050000
2 16 4000.00000000  0.00175000 0.01200000 0.05075000 0.05725000 0.02375000 0.00275000 0.00375000 0.01450000 0.07325000 0.12800000 0.07225000 0.01725000 0.00275000 0.01075000 0.04175000 0.09575000 0.09625000 0.05625000 0.01825000 0.01000000 0.01200000 0.00700000 0.00700000 0.00800000 0.01925000 0.03575000 0.03475000 0.02500000 0.01900000 0.01175000 0.01125000 0.00775000 0.00325000 0.00200000 0.00250000 0.00300000 0.00050000 0.00100000 0.00000000 0.00000000 0.00000000 0.00000000 0.00000000 0.00025000 0.00000000 0.00000000 0.00000000 0.00000000 0.00000000 0.00000000
1 17 4000.00000000  0.00025000 0.00025000 0.00250000 0.01175000 0.01775000 0.00925000 0.00075000 0.00025000 0.00275000 0.00975000 0.02050000 0.01275000 0.00625000 0.00875000 0.01850000 0.02500000 0.01425000 0.00950000 0.01275000 0.01900000 0.01425000 0.00775000 0.00150000 0.00125000 0.00175000 0.00650000 0.00750000 0.01650000 0.02125000 0.02000000 0.01325000 0.01375000 0.02600000 0.03450000 0.03850000 0.04100000 0.03975000 0.04350000 0.04550000 0.05100000 0.05275000 0.04975000 0.03625000 0.03800000 0.04200000 0.03450000 0.03350000 0.02875000 0.02350000 0.01350000
2 17 4000.00000000  0.00475000 0.01650000 0.04125000 0.02875000 0.00775000 0.00150000 0.00150000 0.02000000 0.07325000 0.11275000 0.06250000 0.01025000 0.01200000 0.03950000 0.08500000 0.09850000 0.05325000 0.01925000 0.02550000 0.06000000 0.08200000 0.05675000 0.02050000 0.00500000 0.00100000 0.00175000 0.00250000 0.00475000 0.00300000 0.00550000 0.00875000 0.01325000 0.00875000 0.00750000 0.00325000 0.00150000 0.00050000 0.00000000 0.00000000 0.00000000 0.00000000 0.00000000 0.00000000 0.00000000 0.00000000 0.00000000 0.00000000 0.00000000 0.00000000 0.00000000
1 18 4000.00000000  0.00025000 0.00525000 0.01850000 0.01125000 0.00325000 0.00075000 0.00025000 0.00050000 0.00300000 0.01150000 0.01175000 0.00500000 0.00200000 0.00925000 0.02225000 0.02275000 0.01200000 0.00400000 0.00250000 0.00725000 0.01250000 0.02025000 0.01300000 0.00875000 0.00800000 0.01600000 0.02400000 0.02700000 0.01650000 0.01025000 0.00950000 0.01575000 0.02275000 0.03350000 0.02775000 0.03275000 0.03325000 0.03350000 0.03950000 0.04275000 0.04850000 0.05450000 0.05000000 0.05925000 0.04975000 0.03900000 0.03525000 0.02625000 0.02075000 0.01625000
2 18 4000.00000000  0.00600000 0.03100000 0.04450000 0.02475000 0.00475000 0.00100000 0.00050000 0.00075000 0.00850000 0.04725000 0.08700000 0.04675000 0.01050000 0.00500000 0.01500000 0.04650000 0.08325000 0.08100000 0.04775000 0.03950000 0.07500000 0.08125000 0.05675000 0.03275000 0.02550000 0.02850000 0.02950000 0.01700000 0.00625000 0.00425000 0.00100000 0.00225000 0.00300000 0.00200000 0.00175000 0.00075000 0.00075000 0.00000000 0.00050000 0.00000000 0.00000000 0.00000000 0.00000000 0.00000000 0.00000000 0.00000000 0.00000000 0.00000000 0.00000000 0.00000000
1 19 4000.00000000  0.00075000 0.00200000 0.01200000 0.01775000 0.00725000 0.00150000 0.00050000 0.00600000 0.01525000 0.01500000 0.00225000 0.00000000 0.00125000 0.00425000 0.00975000 0.02200000 0.01350000 0.00700000 0.00375000 0.00825000 0.02225000 0.02125000 0.01825000 0.02175000 0.02175000 0.02925000 0.02375000 0.02825000 0.01875000 0.01550000 0.01100000 0.01100000 0.01325000 0.02550000 0.02650000 0.02900000 0.03225000 0.03625000 0.03850000 0.04725000 0.05000000 0.05100000 0.05975000 0.04850000 0.04250000 0.03650000 0.02750000 0.01900000 0.01275000 0.01125000
2 19 4000.00000000  0.00175000 0.00925000 0.04300000 0.04725000 0.01475000 0.00225000 0.00050000 0.00025000 0.00100000 0.00625000 0.03750000 0.08475000 0.06600000 0.02900000 0.03650000 0.06700000 0.06725000 0.03550000 0.01150000 0.01450000 0.04425000 0.07950000 0.08225000 0.06825000 0.04175000 0.03475000 0.02525000 0.01350000 0.00925000 0.01100000 0.00725000 0.00350000 0.00125000 0.00100000 0.00050000 0.00050000 0.00025000 0.00000000 0.00000000 0.00000000 0.00025000 0.00000000 0.00000000 0.00000000 0.00000000 0.00000000 0.00000000 0.00000000 0.00000000 0.00000000
1 20 4000.00000000  0.00275000 0.00975000 0.01975000 0.00925000 0.00200000 0.00000000 0.00025000 0.00000000 0.00175000 0.01100000 0.01500000 0.00625000 0.00175000 0.00025000 0.00125000 0.00675000 0.01725000 0.01950000 0.02025000 0.01650000 0.01450000 0.00675000 0.00825000 0.01125000 0.01775000 0.02950000 0.02950000 0.01875000 0.02000000 0.01750000 0.02575000 0.02975000 0.02475000 0.03025000 0.02825000 0.02500000 0.03325000 0.03075000 0.04250000 0.05325000 0.04725000 0.04575000 0.04575000 0.04225000 0.04575000 0.03375000 0.03025000 0.02550000 0.01375000 0.01150000
2 20 4000.00000000  0.00050000 0.00300000 0.01250000 0.04750000 0.04650000 0.01350000 0.00500000 0.03850000 0.09600000 0.06925000 0.02025000 0.01125000 0.03000000 0.06900000 0.07425000 0.03950000 0.00975000 0.00150000 0.00250000 0.00225000 0.01100000 0.03900000 0.06050000 0.07625000 0.05500000 0.03850000 0.03625000 0.02375000 0.01275000 0.01200000 0.01200000 0.01125000 0.00825000 0.00650000 0.00200000 0.00100000 0.00100000 0.00000000 0.00025000 0.00000000 0.00025000 0.00000000 0.00000000 0.00000000 0.00000000 0.00000000 0.00000000 0.00000000 0.00000000 0.00000000
1 21 4000.00000000  0.00050000 0.00175000 0.01475000 0.02125000 0.00875000 0.00075000 0.00025000 0.00000000 0.00075000 0.01050000 0.01750000 0.00975000 0.00200000 0.00125000 0.00525000 0.01225000 0.01925000 0.01875000 0.00650000 0.00775000 0.01475000 0.01350000 0.00800000 0.00450000 0.00525000 0.01875000 0.02075000 0.02575000 0.02625000 0.03650000 0.03100000 0.03125000 0.02850000 0.02950000 0.02550000 0.02350000 0.02550000 0.02550000 0.02900000 0.02950000 0.03475000 0.03925000 0.05150000 0.05550000 0.05200000 0.05100000 0.03650000 0.03175000 0.02200000 0.01350000
2 21 4000.00000000  0.00025000 0.00050000 0.00050000 0.00550000 0.02150000 0.06175000 0.03450000 0.02000000 0.06625000 0.10250000 0.05275000 0.00750000 0.00350000 0.00725000 0.02675000 0.06275000 0.08425000 0.04775000 0.01975000 0.02675000 0.05100000 0.06550000 0.05400000 0.02600000 0.01725000 0.02550000 0.02375000 0.02025000 0.01125000 0.00875000 0.00950000 0.01400000 0.01075000 0.00600000 0.00200000 0.00125000 0.00075000 0.00000000 0.00000000 0.00000000 0.00025000 0.00000000 0.00000000 0.00000000 0.00000000 0.00000000 0.00000000 0.00000000 0.00000000 0.00000000
1 22 4000.00000000  0.00300000 0.00975000 0.01900000 0.00950000 0.00175000 0.00000000 0.00050000 0.00000000 0.00000000 0.00200000 0.01125000 0.01475000 0.01075000 0.00125000 0.00275000 0.00775000 0.02000000 0.01800000 0.01975000 0.01475000 0.01300000 0.00775000 0.00425000 0.00250000 0.01125000 0.01725000 0.02775000 0.02950000 0.02650000 0.02300000 0.02025000 0.02850000 0.02925000 0.03450000 0.03575000 0.03575000 0.04275000 0.04225000 0.04625000 0.04350000 0.03650000 0.03675000 0.03575000 0.03950000 0.04125000 0.03300000 0.03175000 0.02350000 0.02000000 0.01400000
2 22 4000.00000000  0.00150000 0.01450000 0.04275000 0.05925000 0.01950000 0.00275000 0.00150000 0.00650000 0.04750000 0.10700000 0.07300000 0.01750000 0.00225000 0.00350000 0.01700000 0.05225000 0.06825000 0.06775000 0.03250000 0.03800000 0.05550000 0.06150000 0.03900000 0.02075000 0.01375000 0.02475000 0.03050000 0.02600000 0.01625000 0.01150000 0.00775000 0.00575000 0.00600000 0.00175000 0.00400000 0.00050000 0.00000000 0.00000000 0.00000000 0.00000000 0.00000000 0.00000000 0.00000000 0.00000000 0.00000000 0.00000000 0.00000000 0.00000000 0.00000000 0.00000000
1 23 4000.00000000  0.00025000 0.00125000 0.00200000 0.00200000 0.00025000 0.00000000 0.00000000 0.00025000 0.00150000 0.00425000 0.01650000 0.01275000 0.00425000 0.00175000 0.00800000 0.01375000 0.01825000 0.01100000 0.00650000 0.00775000 0.01550000 0.01475000 0.00750000 0.00525000 0.00450000 0.01125000 0.01900000 0.02375000 0.02625000 0.02200000 0.02425000 0.02425000 0.02950000 0.03550000 0.03725000 0.04450000 0.05225000 0.04675000 0.04675000 0.05025000 0.04250000 0.04925000 0.04200000 0.03950000 0.03525000 0.03825000 0.03350000 0.02675000 0.02300000 0.01675000
2 23 4000.00000000  0.01225000 0.00700000 0.00225000 0.00025000 0.00075000 0.00150000 0.00825000 0.05275000 0.13125000 0.08650000 0.02300000 0.00300000 0.00250000 0.00250000 0.00400000 0.01425000 0.04625000 0.09400000 0.11100000 0.10525000 0.08275000 0.04400000 0.01425000 0.01275000 0.01950000 0.03075000 0.02850000 0.01325000 0.00800000 0.00750000 0.00925000 0.00950000 0.00600000 0.00325000 0.00150000 0.00050000 0.00025000 0.00000000 0.00000000 0.00000000 0.00000000 0.00000000 0.00000000 0.00000000 0.00000000 0.00000000 0.00000000 0.00000000 0.00000000 0.00000000
1 24 4000.00000000  0.00175000 0.01450000 0.02100000 0.01050000 0.00425000 0.00025000 0.00000000 0.00025000 0.00125000 0.00275000 0.00300000 0.00025000 0.00250000 0.00750000 0.01675000 0.02150000 0.01175000 0.00500000 0.00125000 0.00275000 0.00750000 0.01225000 0.02000000 0.01775000 0.01350000 0.01725000 0.01850000 0.01375000 0.01000000 0.01450000 0.01500000 0.01425000 0.01325000 0.01850000 0.03550000 0.04025000 0.04850000 0.04900000 0.05875000 0.05200000 0.05700000 0.05325000 0.05075000 0.04550000 0.03800000 0.03400000 0.02725000 0.02550000 0.02975000 0.02025000
2 24 4000.00000000  0.06275000 0.08675000 0.03750000 0.00425000 0.00125000 0.00100000 0.00100000 0.00200000 0.01475000 0.02275000 0.00650000 0.00175000 0.00250000 0.01925000 0.06075000 0.10450000 0.08550000 0.05325000 0.03425000 0.06125000 0.08425000 0.06175000 0.02275000 0.00725000 0.00625000 0.01525000 0.02375000 0.03650000 0.02375000 0.01725000 0.01300000 0.00675000 0.00875000 0.00425000 0.00225000 0.00150000 0.00000000 0.00050000 0.00025000 0.00000000 0.00025000 0.00000000 0.00000000 0.00000000 0.00000000 0.00025000 0.00000000 0.00000000 0.00000000 0.00000000
1 25 4000.00000000  0.01475000 0.02500000 0.01400000 0.00475000 0.00025000 0.00025000 0.00150000 0.00975000 0.01975000 0.01175000 0.00125000 0.00000000 0.00000000 0.00050000 0.00275000 0.00300000 0.00325000 0.00200000 0.00125000 0.00725000 0.01400000 0.01550000 0.00875000 0.01025000 0.01425000 0.01875000 0.01800000 0.01350000 0.01850000 0.01400000 0.01525000 0.01825000 0.01750000 0.02625000 0.03250000 0.04025000 0.03850000 0.04550000 0.04750000 0.06000000 0.05450000 0.05500000 0.05050000 0.05000000 0.04150000 0.04000000 0.03450000 0.02350000 0.02175000 0.01875000
2 25 4000.00000000  0.00900000 0.05250000 0.07800000 0.04800000 0.00700000 0.00150000 0.00700000 0.04025000 0.12775000 0.12525000 0.03375000 0.00300000 0.00100000 0.00125000 0.00150000 0.00350000 0.01325000 0.01525000 0.01950000 0.04400000 0.08275000 0.07525000 0.05050000 0.02700000 0.03100000 0.02600000 0.02325000 0.00800000 0.00875000 0.01000000 0.00950000 0.00650000 0.00500000 0.00225000 0.00025000 0.00100000 0.00050000 0.00025000 0.00000000 0.00000000 0.00000000 0.00000000 0.00000000 0.00000000 0.00000000 0.00000000 0.00000000 0.00000000 0.00000000 0.00000000
1 26 4000.00000000  0.00000000 0.00000000 0.00075000 0.01025000 0.02225000 0.01825000 0.00600000 0.00100000 0.00100000 0.00325000 0.01400000 0.01875000 0.00850000 0.00400000 0.00700000 0.01725000 0.01850000 0.01450000 0.00475000 0.00200000 0.00075000 0.00175000 0.00475000 0.00425000 0.00825000 0.01850000 0.02350000 0.02600000 0.02250000 0.02125000 0.01900000 0.01575000 0.02150000 0.02200000 0.03200000 0.03200000 0.03750000 0.04575000 0.04050000 0.04150000 0.04275000 0.04125000 0.05375000 0.05000000 0.04900000 0.04650000 0.04050000 0.02925000 0.01975000 0.01625000
2 26 4000.00000000  0.02975000 0.07375000 0.06600000 0.01525000 0.00200000 0.00050000 0.00075000 0.00050000 0.00400000 0.02325000 0.10425000 0.13300000 0.05275000 0.00750000 0.00575000 0.02075000 0.06300000 0.09475000 0.08025000 0.03500000 0.01675000 0.01650000 0.01325000 0.02350000 0.03075000 0.02575000 0.02025000 0.01150000 0.00800000 0.00675000 0.00375000 0.00175000 0.00200000 0.00275000 0.00300000 0.00075000 0.00000000 0.00025000 0.00000000 0.00000000 0.00000000 0.00000000 0.00000000 0.00000000 0.00000000 0.00000000 0.00000000 0.00000000 0.00000000 0.00000000
1 27 4000.00000000  0.00125000 0.00750000 0.02600000 0.02400000 0.00825000 0.00125000 0.00075000 0.00150000 0.00775000 0.01925000 0.01425000 0.00325000 0.00275000 0.01025000 0.02150000 0.02275000 0.01300000 0.01025000 0.01125000 0.01800000 0.01550000 0.00675000 0.00100000 0.00125000 0.00250000 0.00325000 0.00400000 0.00375000 0.00875000 0.01550000 0.02425000 0.02975000 0.03150000 0.02350000 0.02625000 0.03050000 0.02625000 0.03575000 0.03300000 0.04150000 0.03900000 0.05025000 0.05275000 0.05425000 0.04775000 0.04875000 0.03750000 0.03100000 0.02625000 0.02325000
2 27 4000.00000000  0.00075000 0.01625000 0.04650000 0.06925000 0.02375000 0.00400000 0.00050000 0.00200000 0.00325000 0.02400000 0.08875000 0.11825000 0.05150000 0.02100000 0.04925000 0.07900000 0.07525000 0.03925000 0.01300000 0.00825000 0.02600000 0.04900000 0.07250000 0.04800000 0.01750000 0.00725000 0.00350000 0.00375000 0.00675000 0.00475000 0.00725000 0.00575000 0.00425000 0.00200000 0.00350000 0.00175000 0.00150000 0.00075000 0.00025000 0.00000000 0.00025000 0.00000000 0.00000000 0.00000000 0.00000000 0.00000000 0.00000000 0.00000000 0.00000000 0.00000000
1 28 4000.00000000  0.00025000 0.00300000 0.01350000 0.03400000 0.01725000 0.00375000 0.00100000 0.00100000 0.00675000 0.02575000 0.01550000 0.00475000 0.00050000 0.00150000 0.00575000 0.01150000 0.02850000 0.02125000 0.01150000 0.00350000 0.00675000 0.01450000 0.03225000 0.03025000 0.02350000 0.01875000 0.01525000 0.00875000 0.00475000 0.00550000 0.00575000 0.01400000 0.02300000 0.02825000 0.03350000 0.03450000 0.03425000 0.04050000 0.03350000 0.03400000 0.03675000 0.03475000 0.03900000 0.04075000 0.04025000 0.04525000 0.03775000 0.03175000 0.02525000 0.01650000
2 28 4000.00000000  0.00175000 0.01975000 0.05375000 0.05050000 0.01975000 0.00200000 0.00075000 0.00125000 0.00225000 0.01550000 0.06750000 0.11175000 0.05850000 0.01250000 0.00350000 0.01450000 0.04425000 0.07800000 0.08300000 0.06225000 0.06700000 0.07300000 0.03900000 0.01700000 0.02250000 0.02475000 0.02150000 0.01275000 0.00600000 0.00225000 0.00125000 0.00125000 0.00175000 0.00175000 0.00300000 0.00150000 0.00025000 0.00050000 0.00000000 0.00000000 0.00000000 0.00000000 0.00000000 0.00000000 0.00000000 0.00000000 0.00000000 0.00000000 0.00000000 0.00000000
1 29 4000.00000000  0.00075000 0.00450000 0.00525000 0.00150000 0.00050000 0.00000000 0.00025000 0.00000000 0.00100000 0.01075000 0.02325000 0.01950000 0.00450000 0.00800000 0.01675000 0.03125000 0.02175000 0.01125000 0.00675000 0.01350000 0.01775000 0.01625000 0.00950000 0.00400000 0.01175000 0.02575000 0.02700000 0.03100000 0.02575000 0.02325000 0.02150000 0.01850000 0.02250000 0.02050000 0.01875000 0.03000000 0.02775000 0.02625000 0.03025000 0.03925000 0.04475000 0.04550000 0.04800000 0.04700000 0.05000000 0.03375000 0.04000000 0.02875000 0.02025000 0.01375000
2 29 4000.00000000  0.00000000 0.00000000 0.00125000 0.00625000 0.01125000 0.00525000 0.00175000 0.00050000 0.00700000 0.04650000 0.13225000 0.10525000 0.03125000 0.03675000 0.07100000 0.09500000 0.06425000 0.02800000 0.02400000 0.05900000 0.07400000 0.04750000 0.02200000 0.00950000 0.01700000 0.02400000 0.02950000 0.01775000 0.01700000 0.00800000 0.00350000 0.00175000 0.00050000 0.00100000 0.00000000 0.00025000 0.00000000 0.00025000 0.00000000 0.00000000 0.00000000 0.00000000 0.00000000 0.00000000 0.00000000 0.00000000 0.00000000 0.00000000 0.00000000 0.00000000
1 30 4000.00000000  0.00000000 0.00000000 0.00025000 0.00200000 0.00525000 0.00325000 0.00200000 0.00075000 0.00150000 0.00475000 0.00250000 0.00150000 0.00175000 0.00350000 0.01125000 0.02625000 0.03050000 0.01875000 0.00600000 0.00925000 0.02250000 0.02225000 0.01625000 0.01725000 0.02050000 0.03300000 0.03125000 0.02975000 0.02650000 0.02925000 0.02100000 0.02300000 0.02550000 0.01925000 0.02250000 0.01875000 0.02550000 0.03650000 0.03625000 0.04250000 0.04475000 0.04425000 0.04550000 0.03975000 0.03500000 0.03500000 0.03100000 0.03125000 0.02775000 0.01550000
2 30 4000.00000000  0.00375000 0.01375000 0.01300000 0.00300000 0.00025000 0.00050000 0.00025000 0.00100000 0.00700000 0.02025000 0.02075000 0.00975000 0.00300000 0.00525000 0.02750000 0.07600000 0.12275000 0.09850000 0.05825000 0.05200000 0.09425000 0.10325000 0.06400000 0.04075000 0.03600000 0.03350000 0.02575000 0.01225000 0.01250000 0.01175000 0.01225000 0.00750000 0.00500000 0.00350000 0.00075000 0.00000000 0.00050000 0.00000000 0.00000000 0.00000000 0.00000000 0.00000000 0.00000000 0.00000000 0.00000000 0.00000000 0.00000000 0.00000000 0.00000000 0.00000000
1 31 4000.00000000  0.00100000 0.00600000 0.02425000 0.03625000 0.01600000 0.00100000 0.00000000 0.00025000 0.00100000 0.00325000 0.00375000 0.00000000 0.00025000 0.00075000 0.00375000 0.00525000 0.00375000 0.00225000 0.00125000 0.00325000 0.00575000 0.01550000 0.02500000 0.02200000 0.02150000 0.03075000 0.03000000 0.02300000 0.01625000 0.01725000 0.02525000 0.03400000 0.04500000 0.03450000 0.04075000 0.04550000 0.03325000 0.03325000 0.03825000 0.03325000 0.04200000 0.04175000 0.04275000 0.03975000 0.03525000 0.03225000 0.03125000 0.02525000 0.01875000 0.00775000
2 31 4000.00000000  0.00825000 0.04850000 0.10025000 0.08400000 0.02025000 0.00200000 0.00225000 0.00775000 0.02825000 0.02225000 0.00575000 0.00125000 0.00425000 0.00950000 0.02175000 0.01875000 0.00525000 0.00700000 0.01175000 0.04950000 0.10450000 0.12275000 0.07650000 0.03625000 0.03425000 0.04475000 0.03725000 0.02350000 0.01900000 0.01250000 0.00925000 0.00825000 0.00550000 0.00300000 0.00225000 0.00150000 0.00025000 0.00000000 0.00000000 0.00000000 0.00000000 0.00025000 0.00000000 0.00000000 0.00000000 0.00000000 0.00000000 0.00000000 0.00000000 0.00000000
1 32 4000.00000000  0.00075000 0.00325000 0.01825000 0.02925000 0.01400000 0.00275000 0.00075000 0.00025000 0.00100000 0.01050000 0.03200000 0.02250000 0.00675000 0.00025000 0.00200000 0.00325000 0.00275000 0.00375000 0.00225000 0.00325000 0.00375000 0.00225000 0.00525000 0.01000000 0.02725000 0.03225000 0.02300000 0.02125000 0.01900000 0.02450000 0.02350000 0.03650000 0.03525000 0.03200000 0.04800000 0.05025000 0.03875000 0.04225000 0.03575000 0.03775000 0.03800000 0.03350000 0.03575000 0.03425000 0.03325000 0.03825000 0.03100000 0.01950000 0.01975000 0.00875000
2 32 4000.00000000  0.00125000 0.01375000 0.05250000 0.08025000 0.04000000 0.00700000 0.00175000 0.00175000 0.00175000 0.00500000 0.03275000 0.13075000 0.18875000 0.08400000 0.01700000 0.01475000 0.02475000 0.01625000 0.00800000 0.00300000 0.00450000 0.00800000 0.01875000 0.01850000 0.02275000 0.03350000 0.04425000 0.04575000 0.02950000 0.02350000 0.00925000 0.00550000 0.00525000 0.00375000 0.00150000 0.00050000 0.00025000 0.00000000 0.00000000 0.00000000 0.00000000 0.00000000 0.00000000 0.00000000 0.00000000 0.00000000 0.00000000 0.00000000 0.00000000 0.00000000
1 33 4000.00000000  0.00050000 0.00075000 0.01250000 0.03050000 0.02125000 0.00500000 0.00125000 0.00050000 0.00175000 0.01200000 0.01975000 0.01375000 0.00225000 0.00075000 0.00150000 0.00375000 0.01675000 0.03575000 0.03575000 0.01700000 0.00975000 0.00775000 0.00200000 0.00150000 0.00325000 0.01075000 0.01375000 0.01600000 0.02975000 0.02325000 0.01075000 0.01350000 0.01525000 0.02900000 0.03475000 0.04250000 0.04775000 0.05025000 0.04925000 0.05050000 0.04975000 0.04225000 0.04225000 0.03850000 0.02900000 0.03050000 0.02625000 0.02075000 0.01400000 0.01250000
2 33 4000.00000000  0.00125000 0.01125000 0.05125000 0.07400000 0.03325000 0.00350000 0.00250000 0.00475000 0.03525000 0.10800000 0.11325000 0.04025000 0.00950000 0.00900000 0.04125000 0.09375000 0.11600000 0.09025000 0.03500000 0.01525000 0.01550000 0.01450000 0.00675000 0.00225000 0.00200000 0.00400000 0.00525000 0.00400000 0.00575000 0.00750000 0.00975000 0.01075000 0.00775000 0.00700000 0.00625000 0.00175000 0.00000000 0.00000000 0.00000000 0.00000000 0.00025000 0.00000000 0.00000000 0.00025000 0.00000000 0.00025000 0.00000000 0.00000000 0.00000000 0.00000000
1 34 4000.00000000  0.00175000 0.01350000 0.02675000 0.02600000 0.00400000 0.00075000 0.00225000 0.01450000 0.02325000 0.01425000 0.00200000 0.00000000 0.00075000 0.00100000 0.00350000 0.01375000 0.02975000 0.02375000 0.01475000 0.01750000 0.02575000 0.02325000 0.01475000 0.00925000 0.00700000 0.00400000 0.00225000 0.00275000 0.00325000 0.00725000 0.00925000 0.01575000 0.03175000 0.03600000 0.04800000 0.04200000 0.04525000 0.04475000 0.04575000 0.04825000 0.05075000 0.04400000 0.04075000 0.04175000 0.03525000 0.02750000 0.02375000 0.01800000 0.00950000 0.00875000
2 34 4000.00000000  0.00325000 0.02025000 0.05925000 0.04850000 0.01275000 0.00300000 0.00375000 0.02600000 0.08850000 0.10450000 0.03750000 0.00625000 0.00375000 0.01650000 0.05425000 0.08375000 0.06525000 0.02500000 0.00675000 0.00375000 0.01725000 0.05150000 0.08775000 0.08325000 0.04900000 0.01550000 0.00550000 0.00225000 0.00125000 0.00200000 0.00100000 0.00125000 0.00175000 0.00250000 0.00250000 0.00150000 0.00125000 0.00025000 0.00025000 0.00000000 0.00000000 0.00000000 0.00000000 0.00000000 0.00000000 0.00000000 0.00000000 0.00000000 0.00000000 0.00000000
1 35 4000.00000000  0.00350000 0.01425000 0.02775000 0.02075000 0.00425000 0.00100000 0.00025000 0.00000000 0.00150000 0.01150000 0.02250000 0.01800000 0.00600000 0.00550000 0.01500000 0.02825000 0.02900000 0.00625000 0.00350000 0.00750000 0.02075000 0.02450000 0.01150000 0.00450000 0.00200000 0.00650000 0.01400000 0.02600000 0.03575000 0.02975000 0.02400000 0.01675000 0.01200000 0.01575000 0.02575000 0.03375000 0.03075000 0.03575000 0.04250000 0.05425000 0.05175000 0.05000000 0.04500000 0.04250000 0.03825000 0.02675000 0.02025000 0.02000000 0.00950000 0.00325000
2 35 4000.00000000  0.00050000 0.00875000 0.03775000 0.06400000 0.02975000 0.00450000 0.00225000 0.00975000 0.06075000 0.10750000 0.07050000 0.02025000 0.00425000 0.01375000 0.03400000 0.07425000 0.08675000 0.07575000 0.06275000 0.06050000 0.03025000 0.00675000 0.00300000 0.00250000 0.00725000 0.01850000 0.02825000 0.03225000 0.02425000 0.00725000 0.00725000 0.00175000 0.00050000 0.00100000 0.00025000 0.00050000 0.00025000 0.00000000 0.00000000 0.00000000 0.00000000 0.00000000 0.00000000 0.00000000 0.00000000 0.00000000 0.00000000 0.00000000 0.00000000 0.00000000
1 36 4000.00000000  0.00275000 0.01750000 0.03075000 0.02100000 0.00350000 0.00075000 0.00100000 0.00300000 0.01750000 0.02650000 0.01525000 0.00400000 0.00125000 0.00700000 0.01975000 0.02775000 0.02700000 0.01725000 0.00500000 0.00625000 0.01075000 0.02075000 0.02250000 0.00900000 0.00550000 0.01625000 0.02350000 0.03200000 0.03850000 0.03200000 0.03150000 0.01875000 0.01650000 0.01375000 0.01250000 0.01775000 0.02600000 0.02825000 0.03825000 0.04375000 0.04500000 0.04400000 0.04125000 0.03475000 0.03450000 0.02625000 0.02450000 0.01625000 0.01200000 0.00900000
2 36 4000.00000000  0.00250000 0.02900000 0.06475000 0.04175000 0.00975000 0.00250000 0.00175000 0.01050000 0.05625000 0.11375000 0.06375000 0.01400000 0.00225000 0.00225000 0.01125000 0.03725000 0.07425000 0.07675000 0.04350000 0.01900000 0.02800000 0.06425000 0.06375000 0.04400000 0.02975000 0.02675000 0.02125000 0.01050000 0.00525000 0.00500000 0.00500000 0.00975000 0.00500000 0.00175000 0.00200000 0.00050000 0.00025000 0.00000000 0.00025000 0.00025000 0.00000000 0.00000000 0.00000000 0.00000000 0.00000000 0.00000000 0.00000000 0.00000000 0.00000000 0.00000000
1 37 4000.00000000  0.00375000 0.01700000 0.03375000 0.02175000 0.00375000 0.00100000 0.00100000 0.00075000 0.00250000 0.01750000 0.02725000 0.01700000 0.00200000 0.00675000 0.01775000 0.03400000 0.01975000 0.01350000 0.01150000 0.02125000 0.02050000 0.01625000 0.00500000 0.00450000 0.00675000 0.01925000 0.02625000 0.03425000 0.03825000 0.03675000 0.03750000 0.02625000 0.02300000 0.02825000 0.02175000 0.01200000 0.01600000 0.01625000 0.02100000 0.03475000 0.03575000 0.04000000 0.04700000 0.03600000 0.03400000 0.02450000 0.02300000 0.01650000 0.01350000 0.01175000
2 37 4000.00000000  0.00250000 0.01525000 0.05000000 0.04875000 0.02000000 0.00275000 0.00050000 0.00125000 0.00525000 0.04525000 0.10725000 0.07800000 0.02475000 0.00500000 0.01500000 0.05200000 0.09375000 0.09350000 0.09150000 0.06850000 0.03700000 0.01400000 0.01225000 0.01800000 0.02050000 0.02200000 0.01225000 0.00525000 0.00375000 0.00450000 0.00825000 0.00650000 0.00700000 0.00300000 0.00250000 0.00125000 0.00075000 0.00000000 0.00000000 0.00025000 0.00000000 0.00000000 0.00000000 0.00000000 0.00025000 0.00000000 0.00000000 0.00000000 0.00000000 0.00000000
1 38 4000.00000000  0.02675000 0.03500000 0.03025000 0.00575000 0.00050000 0.00050000 0.00275000 0.00950000 0.03025000 0.02100000 0.00375000 0.00050000 0.00175000 0.00925000 0.02100000 0.02925000 0.02200000 0.01050000 0.00400000 0.00475000 0.01325000 0.02350000 0.02350000 0.01025000 0.00775000 0.02100000 0.03525000 0.04075000 0.03450000 0.02325000 0.01800000 0.01500000 0.01400000 0.02250000 0.03300000 0.03775000 0.03825000 0.03275000 0.02150000 0.02375000 0.02350000 0.02275000 0.02850000 0.02950000 0.02700000 0.03250000 0.02825000 0.02100000 0.01525000 0.01325000
2 38 4000.00000000  0.00100000 0.00900000 0.03550000 0.05950000 0.03875000 0.00700000 0.00200000 0.00175000 0.00950000 0.05900000 0.11150000 0.06600000 0.01300000 0.00675000 0.02125000 0.06025000 0.08450000 0.07725000 0.06175000 0.06475000 0.05850000 0.02550000 0.00950000 0.01050000 0.01350000 0.02275000 0.01825000 0.01575000 0.01225000 0.00750000 0.00625000 0.00250000 0.00250000 0.00100000 0.00225000 0.00125000 0.00000000 0.00025000 0.00000000 0.00000000 0.00000000 0.00000000 0.00000000 0.00000000 0.00000000 0.00000000 0.00000000 0.00000000 0.00000000 0.00000000
1 39 4000.00000000  0.00100000 0.00150000 0.00625000 0.00725000 0.00225000 0.00050000 0.00050000 0.00150000 0.01200000 0.02925000 0.01925000 0.00400000 0.00075000 0.00225000 0.00850000 0.02325000 0.03575000 0.02900000 0.01225000 0.00450000 0.01300000 0.01650000 0.02375000 0.02375000 0.01300000 0.02125000 0.03225000 0.03475000 0.03500000 0.02625000 0.02575000 0.02275000 0.02825000 0.02800000 0.03325000 0.04100000 0.04500000 0.04150000 0.04100000 0.04125000 0.03250000 0.02950000 0.02450000 0.02125000 0.02025000 0.02050000 0.02025000 0.01850000 0.01525000 0.00875000
2 39 4000.00000000  0.00050000 0.00500000 0.01250000 0.00900000 0.00300000 0.00000000 0.00125000 0.00075000 0.00225000 0.01700000 0.07700000 0.14025000 0.07800000 0.03825000 0.06950000 0.09300000 0.06875000 0.02625000 0.03825000 0.06375000 0.06775000 0.03850000 0.01525000 0.01300000 0.02125000 0.02500000 0.02225000 0.01500000 0.00975000 0.00750000 0.00725000 0.00500000 0.00300000 0.00175000 0.00225000 0.00025000 0.00050000 0.00025000 0.00000000 0.00000000 0.00000000 0.00025000 0.00000000 0.00000000 0.00000000 0.00000000 0.00000000 0.00000000 0.00000000 0.00000000
1 40 4000.00000000  0.00000000 0.00175000 0.00675000 0.02475000 0.03700000 0.01225000 0.00275000 0.00250000 0.00450000 0.00475000 0.00625000 0.00700000 0.02350000 0.03400000 0.02500000 0.01075000 0.00475000 0.00375000 0.01650000 0.02275000 0.01775000 0.01350000 0.01650000 0.02250000 0.02350000 0.02600000 0.01575000 0.01700000 0.02075000 0.02900000 0.02200000 0.02325000 0.02550000 0.02900000 0.02625000 0.03325000 0.04425000 0.05625000 0.05575000 0.05050000 0.03800000 0.02800000 0.02300000 0.01475000 0.01625000 0.01250000 0.01600000 0.01525000 0.01025000 0.00650000
2 40 4000.00000000  0.00125000 0.00425000 0.03350000 0.07850000 0.05600000 0.01550000 0.00250000 0.00425000 0.02250000 0.02775000 0.01325000 0.00400000 0.00275000 0.01050000 0.04625000 0.09575000 0.09950000 0.05150000 0.02100000 0.03200000 0.06250000 0.08250000 0.06025000 0.03250000 0.02750000 0.03225000 0.02225000 0.01475000 0.00725000 0.00750000 0.01175000 0.00675000 0.00250000 0.00325000 0.00175000 0.00175000 0.00025000 0.00025000 0.00000000 0.00000000 0.00000000 0.00000000 0.00000000 0.00000000 0.00000000 0.00000000 0.00000000 0.00000000 0.00000000 0.00000000
