# The parest_flags
 2500 0 0 0 0 0 0 0 0 0 0 1 1 13 1 12 0 0 0 0 0 0 10 0 0 0 0 0 0 0 0 0 0 0 0 0 0 0 0 0 0 0 0 0 0 0 0 0 0 0 0 0 0 0 0 0 0 0 0 0 0 0 0 0 0 0 0 0 0 0 0 0 0 0 0 0 0 0 0 0 0 0 0 0 0 0 0 0 0 0 0 0 0 0 0 0 0 0 0 0 0 0 0 0 0 0 0 0 0 0 0 0 0 0 0 0 0 0 0 0 0 0 0 0 0 0 0 0 0 0 0 0 0 0 0 0 0 0 0 0 0 0 0 0 0 25 0 0 0 0 0 0 0 0 0 0 0 0 0 0 0 0 0 0 0 0 0 0 0 0 0 0 0 0 0 0 0 0 0 0 0 0 0 0 0 0 0 0 0 2 0 0 0 0 0 0 0 0 0 1017

# The number of age classes
14
# age flags
 0 0 0 0 0 0 0 0 0 0 0 0 0 0 0 0 0 0 0 0 0 0 0 0 0 0 0 0 0 1 1 1 0 1 6 2 0 0 0 0 1 0 0 0 0 0 0 0 0 1 0 0 0 0 0 0 0 0 0 0 0 0 0 0 0 0 0 0 0 0 0 0 0 0 0 0 0 0 0 0 0 0 0 0 0 0 0 0 0 0 0 0 0 0 0 0 0 0 0 0 0 0 0 0 0 0 0 0 0 0 0 0 0 0 0 0 0 0 0 0 0 0 0 0 0 0 0 0 0 0 0 0 0 0 0 0 0 0 0 0 0 0 0 10000 0 0 0 0 0 0 0 0 0 0 0 0 0 0 0 0 0 0 0 0 0 0 0 0 0 0 0 0 0 0 0 0 0 0 0 0 0 0 0 0 0 0 0 0 0 0 0 0 0 0 0 0 0 0 0 0

# fish flags
 0 0 13 0 0 0 0 0 0 0 0 0 0 0 0 0 0 0 0 0 0 0 0 0 0 0 0 0 0 0 0 0 0 0 0 0 0 0 0 0
 0 0 13 0 0 0 0 0 0 0 0 0 0 0 0 0 0 0 0 0 0 0 0 0 0 0 0 0 0 0 0 0 0 0 0 0 0 0 0 0
# region control flags 
 0
 0
 0
 0
 0
 0
 0
 0
 0
 0
# total populations scaling parameter 
6.422109294590
# recruitment times 
 0 0 0 0 0 0 0 0 0 0 0 0
# relative recruitment 
#
 5.015972533498e+00 2.601641863916e+00 1.430303133630e+00 1.209586366305e+00 3.198685631859e+00 1.422756990694e+00 2.020891025305e+00 1.942091275530e+00 2.127841391594e+00 1.996147264129e+00 1.495263774860e+00 1.517282473694e+00 8.139911361166e-01 1.702033467840e+00 1.506427954992e+00 2.243474617132e+00 1.441958792390e+00 1.807236523902e+00 1.140070028203e+00 1.203482814884e+00 9.787008361098e-01 1.193764921793e+00 2.093966512152e-01 1.254796938748e+00 1.022585614641e+00 1.152182012703e+00 1.276254807319e+00 1.345570843571e+00 2.026264185099e-01 1.890142898684e-01 1.054206240461e+00 9.428937416665e-01 9.198657885988e-01 1.037402928462e+00 7.590680628856e-01 1.045090410047e+00 9.345806331517e-01 8.490961017462e-01 1.521700968317e-01 8.164289508538e-01

# Reporting rate dev coffs
# 

# availability coffs 
# 
  0   0   0   0   0   0   0   0   0   0   0   0   0   0 

# relative initial population 
# junk number1.234567800000e+03
 3.792737088519e+00 2.398345581648e+00 2.126785379690e+00 1.565980009872e+00 1.269882978731e+00 8.961612256724e-01 7.286601729117e-01 4.002145512342e-01 2.292923825382e-01 1.198882485416e-01 8.919519083960e-02 2.569986105871e-01 1.374804255183e+00
# fishery selectivity 
# junk number1.234567800000e+03
 4.903260811096e+00 6.073619548778e+00 1.150283891011e+01 1.528501646787e+01 2.955614999833e+01 3.937733619382e+01 7.442966681108e+01 7.877446779428e+01 1.078295520243e+02 1.068718047948e+02 7.002536569897e+01 6.589385782809e+01 7.939941678398e+00 1.000000000000e+00
 7.377093869858e+01 2.056696844042e+02 2.248612467867e+02 2.210756842666e+02 9.602892111407e+01 1.909210139413e+01 3.720484830745e+00 3.933449610848e-01 8.680903771443e-02 5.339110832043e-02 1.735774528141e+00 1.096630887203e+03 1.349824664927e-01 1.000000000000e+00

# natural mortality coefficient 
# 
0.200000000000
# average catchability coefficients 
# 

 0.100000000000 0.100000000000

# initial trend in catchability coefficients 
# 
 0.000000000000 0.000000000000
# effort deviation coefficients 
# junk number1.234567800000e+03
# diffusion coefficients 
 0.000000000000
# age dependent diffusion coefficients 
 0.000000000000
# nonlinear diffusion coefficients 
 0.000000000000
# regional recruitment variation 
  0 
  0 
  0 
  0 
  0 
  0 
  0 
  0 
  0 
  0 
  0 
  0 
  0 
  0 
  0 
  0 
  0 
  0 
  0 
  0 
  0 
  0 
  0 
  0 
  0 
  0 
  0 
  0 
  0 
  0 
  0 
  0 
  0 
  0 
  0 
  0 
  0 
  0 
  0 
  0 

# effort deviation coefficients 
  0   0   0   0   0   0   0   0   0   0   0   0   0   0   0   0   0   0   0   0   0   0   0   0   0   0   0   0   0   0   0   0   0   0   0   0   0   0   0   0 
  0   0   0   0   0   0   0   0   0   0   0   0   0   0   0   0   0   0   0   0 

# correlation in selectivity deviations 
# junk number1.234567800000e+03
  0   0 

# extra fishery parameters 
# 

  0   0 
  0   0 
 1.000000000000 1.000000000000
  0   0 
  0   0 
  0   0 
  0   0 
  0   0 
  0   0 
  0   0 

# extra age-class related parameters 
# 

  0   0   0   0   0   0   0   0   0   0   0   0   0   0 
  0   0   0   0   0   0   0   0   0   0   0   0   0   0 
  0   0   0   0   0   0   0   0   0   0   0   0   0   0 
  0   0   0   0   0   0   0   0   0   0   0   0   0   0 
  0   0   0   0   0   0   0   0   0   0   0   0   0   0 

# region parameters 
  0 
  0 
  0 
  0 
  0 
  0 
  0 
  0 
  0 
  0 

# catchability deviation coefficients 
# 
  0   0   0   0   0   0   0   0   0   0   0   0   0   0   0   0   0   0   0   0   0   0   0   0   0   0   0   0   0   0   0   0   0   0   0   0   0   0   0 
  0   0   0   0   0   0   0   0   0   0   0   0   0   0   0   0   0   0   0 

# selectivity deviation coefficients 
# 

  0   0   0   0   0   0   0   0   0   0   0   0   0   0 
  0   0   0   0   0   0   0   0   0   0   0   0   0   0 
  0   0   0   0   0   0   0   0   0   0   0   0   0   0 
  0   0   0   0   0   0   0   0   0   0   0   0   0   0 
  0   0   0   0   0   0   0   0   0   0   0   0   0   0 
  0   0   0   0   0   0   0   0   0   0   0   0   0   0 
  0   0   0   0   0   0   0   0   0   0   0   0   0   0 
  0   0   0   0   0   0   0   0   0   0   0   0   0   0 
  0   0   0   0   0   0   0   0   0   0   0   0   0   0 
  0   0   0   0   0   0   0   0   0   0   0   0   0   0 
  0   0   0   0   0   0   0   0   0   0   0   0   0   0 
  0   0   0   0   0   0   0   0   0   0   0   0   0   0 
  0   0   0   0   0   0   0   0   0   0   0   0   0   0 
  0   0   0   0   0   0   0   0   0   0   0   0   0   0 
  0   0   0   0   0   0   0   0   0   0   0   0   0   0 
  0   0   0   0   0   0   0   0   0   0   0   0   0   0 
  0   0   0   0   0   0   0   0   0   0   0   0   0   0 
  0   0   0   0   0   0   0   0   0   0   0   0   0   0 
  0   0   0   0   0   0   0   0   0   0   0   0   0   0 
  0   0   0   0   0   0   0   0   0   0   0   0   0   0 
  0   0   0   0   0   0   0   0   0   0   0   0   0   0 
  0   0   0   0   0   0   0   0   0   0   0   0   0   0 
  0   0   0   0   0   0   0   0   0   0   0   0   0   0 
  0   0   0   0   0   0   0   0   0   0   0   0   0   0 
  0   0   0   0   0   0   0   0   0   0   0   0   0   0 
  0   0   0   0   0   0   0   0   0   0   0   0   0   0 
  0   0   0   0   0   0   0   0   0   0   0   0   0   0 
  0   0   0   0   0   0   0   0   0   0   0   0   0   0 
  0   0   0   0   0   0   0   0   0   0   0   0   0   0 
  0   0   0   0   0   0   0   0   0   0   0   0   0   0 
  0   0   0   0   0   0   0   0   0   0   0   0   0   0 
  0   0   0   0   0   0   0   0   0   0   0   0   0   0 
  0   0   0   0   0   0   0   0   0   0   0   0   0   0 
  0   0   0   0   0   0   0   0   0   0   0   0   0   0 
  0   0   0   0   0   0   0   0   0   0   0   0   0   0 
  0   0   0   0   0   0   0   0   0   0   0   0   0   0 
  0   0   0   0   0   0   0   0   0   0   0   0   0   0 
  0   0   0   0   0   0   0   0   0   0   0   0   0   0 
  0   0   0   0   0   0   0   0   0   0   0   0   0   0 
  0   0   0   0   0   0   0   0   0   0   0   0   0   0 
  0   0   0   0   0   0   0   0   0   0   0   0   0   0 
  0   0   0   0   0   0   0   0   0   0   0   0   0   0 
  0   0   0   0   0   0   0   0   0   0   0   0   0   0 
  0   0   0   0   0   0   0   0   0   0   0   0   0   0 
  0   0   0   0   0   0   0   0   0   0   0   0   0   0 
  0   0   0   0   0   0   0   0   0   0   0   0   0   0 
  0   0   0   0   0   0   0   0   0   0   0   0   0   0 
  0   0   0   0   0   0   0   0   0   0   0   0   0   0 
  0   0   0   0   0   0   0   0   0   0   0   0   0   0 
  0   0   0   0   0   0   0   0   0   0   0   0   0   0 
  0   0   0   0   0   0   0   0   0   0   0   0   0   0 
  0   0   0   0   0   0   0   0   0   0   0   0   0   0 
  0   0   0   0   0   0   0   0   0   0   0   0   0   0 
  0   0   0   0   0   0   0   0   0   0   0   0   0   0 
  0   0   0   0   0   0   0   0   0   0   0   0   0   0 
  0   0   0   0   0   0   0   0   0   0   0   0   0   0 
  0   0   0   0   0   0   0   0   0   0   0   0   0   0 
  0   0   0   0   0   0   0   0   0   0   0   0   0   0 

# sel_dev_coffs 
  0   0   0   0   0   0   0   0   0   0   0   0   0   0 
  0   0   0   0   0   0   0   0   0   0   0   0   0   0 
  0   0   0   0   0   0   0   0   0   0   0   0   0   0 
  0   0   0   0   0   0   0   0   0   0   0   0   0   0 
  0   0   0   0   0   0   0   0   0   0   0   0   0   0 
  0   0   0   0   0   0   0   0   0   0   0   0   0   0 
  0   0   0   0   0   0   0   0   0   0   0   0   0   0 
  0   0   0   0   0   0   0   0   0   0   0   0   0   0 
  0   0   0   0   0   0   0   0   0   0   0   0   0   0 
  0   0   0   0   0   0   0   0   0   0   0   0   0   0 
  0   0   0   0   0   0   0   0   0   0   0   0   0   0 
  0   0   0   0   0   0   0   0   0   0   0   0   0   0 
  0   0   0   0   0   0   0   0   0   0   0   0   0   0 
  0   0   0   0   0   0   0   0   0   0   0   0   0   0 
  0   0   0   0   0   0   0   0   0   0   0   0   0   0 
  0   0   0   0   0   0   0   0   0   0   0   0   0   0 
  0   0   0   0   0   0   0   0   0   0   0   0   0   0 
  0   0   0   0   0   0   0   0   0   0   0   0   0   0 
  0   0   0   0   0   0   0   0   0   0   0   0   0   0 
  0   0   0   0   0   0   0   0   0   0   0   0   0   0 
  0   0   0   0   0   0   0   0   0   0   0   0   0   0 
  0   0   0   0   0   0   0   0   0   0   0   0   0   0 
  0   0   0   0   0   0   0   0   0   0   0   0   0   0 
  0   0   0   0   0   0   0   0   0   0   0   0   0   0 
  0   0   0   0   0   0   0   0   0   0   0   0   0   0 
  0   0   0   0   0   0   0   0   0   0   0   0   0   0 
  0   0   0   0   0   0   0   0   0   0   0   0   0   0 
  0   0   0   0   0   0   0   0   0   0   0   0   0   0 
  0   0   0   0   0   0   0   0   0   0   0   0   0   0 
  0   0   0   0   0   0   0   0   0   0   0   0   0   0 
  0   0   0   0   0   0   0   0   0   0   0   0   0   0 
  0   0   0   0   0   0   0   0   0   0   0   0   0   0 
  0   0   0   0   0   0   0   0   0   0   0   0   0   0 
  0   0   0   0   0   0   0   0   0   0   0   0   0   0 
  0   0   0   0   0   0   0   0   0   0   0   0   0   0 
  0   0   0   0   0   0   0   0   0   0   0   0   0   0 
  0   0   0   0   0   0   0   0   0   0   0   0   0   0 
  0   0   0   0   0   0   0   0   0   0   0   0   0   0 
  0   0   0   0   0   0   0   0   0   0   0   0   0   0 
  0   0   0   0   0   0   0   0   0   0   0   0   0   0 

  0   0   0   0   0   0   0   0   0   0   0   0   0   0 
  0   0   0   0   0   0   0   0   0   0   0   0   0   0 
  0   0   0   0   0   0   0   0   0   0   0   0   0   0 
  0   0   0   0   0   0   0   0   0   0   0   0   0   0 
  0   0   0   0   0   0   0   0   0   0   0   0   0   0 
  0   0   0   0   0   0   0   0   0   0   0   0   0   0 
  0   0   0   0   0   0   0   0   0   0   0   0   0   0 
  0   0   0   0   0   0   0   0   0   0   0   0   0   0 
  0   0   0   0   0   0   0   0   0   0   0   0   0   0 
  0   0   0   0   0   0   0   0   0   0   0   0   0   0 
  0   0   0   0   0   0   0   0   0   0   0   0   0   0 
  0   0   0   0   0   0   0   0   0   0   0   0   0   0 
  0   0   0   0   0   0   0   0   0   0   0   0   0   0 
  0   0   0   0   0   0   0   0   0   0   0   0   0   0 
  0   0   0   0   0   0   0   0   0   0   0   0   0   0 
  0   0   0   0   0   0   0   0   0   0   0   0   0   0 
  0   0   0   0   0   0   0   0   0   0   0   0   0   0 
  0   0   0   0   0   0   0   0   0   0   0   0   0   0 
  0   0   0   0   0   0   0   0   0   0   0   0   0   0 
  0   0   0   0   0   0   0   0   0   0   0   0   0   0 


# The von Bertalanffy parameters
30.832510308704  20.000000000000   40.000000000000 
107.439100051390  90.000000000000   180.000000000000 
0.115824888283   0   0.300000000000 
# First Length bias parameters
  0   0 

# Common first Length bias flags
 0 0 0

# Common first Length bias coffs
  0   0 

# Seasonal growth parameters
  0   0   0   0   0   0   0   0   0   0   0   0   0   0   0   0   0   0   0   0 

# Cohort specific growth deviations
  0   0   0   0   0   0   0   0   0   0   0   0   0   0   0   0   0   0   0   0   0   0   0   0   0   0   0   0   0   0   0   0   0   0   0   0   0   0   0   0 

# Variance parameters
2.232379643069  1.500000000000   8.500000000000 
-0.669715609321  -0.690000000000   0.690000000000 
# The number of mean constraints
0
# The diffusion coefficients
  0 

# Objective function value
   9750.417554051937
# The number of parameters
   85
# Penalty for mean length constraints
   10.789809665957
# Maximum magnitude gradient value 
0.000000943909
# Average fish mort per fishing incident is 0.100000
# Average fish mort per year is 0.150000
# Average fish mort per year by age class is 
# 0.037531 0.087656 0.106703 0.113792 0.100647 0.094885 0.167689 0.176201 0.241029 0.238876 0.157131 0.542273 0.017794 0.017794
